true 283
(0 -> 10) (1 -> 1) (2 -> 6) (3 -> 13) (4 -> -1) (5 -> 5) (6 -> 11) (7 -> 16) (8 -> 0) (9 -> 3) (10 -> -1) (11 -> 14) (12 -> 8) (13 -> 12) (14 -> 18) (15 -> 9) 
32 0 10 6
EXCEPT=2 FAIL0=0 FAIL1=10 SIZE=14 
