true 120
(0 -> 6) (1 -> 2) (2 -> -1) (3 -> 8) (4 -> 4) (5 -> -1) (6 -> 7) (7 -> 0) (8 -> 11) (9 -> 18) 
5 0 2 0
EXCEPT=2 FAIL0=0 FAIL1=2 SIZE=8 
