true 58
(0 -> 15) (1 -> 16) (2 -> 11) (3 -> 9) (4 -> 6) (5 -> 8) (6 -> 3) (7 -> -1) 
18 0 2
EXCEPT=1 FAIL0=0 SIZE=7 
