true 34
(0 -> 0) (1 -> 6) (2 -> 16) (3 -> 8) (4 -> 11) (5 -> -1) 
5 0 0
EXCEPT=1 FAIL0=0 SIZE=5 
