true 8
(0 -> 0) (1 -> 1) (2 -> 7) (3 -> 2) (4 -> 4) (5 -> -1) (6 -> 5) 
21 0 0
EXCEPT=1 FAIL0=0 SIZE=6 
