true 5
(0 -> 15) (1 -> 4) (2 -> 17) (3 -> 2) (4 -> 9) (5 -> 3) 
8 0
EXCEPT=0 SIZE=6 
