true 58
(0 -> 11) (1 -> 14) (2 -> 3) (3 -> 12) (4 -> 19) (5 -> -1) (6 -> 5) (7 -> 6) (8 -> 9) (9 -> 8) 
6 0 1
EXCEPT=1 FAIL0=0 SIZE=9 
