true 96
(0 -> 7) (1 -> -1) (2 -> 1) (3 -> 12) (4 -> 0) (5 -> 16) (6 -> -1) (7 -> 11) (8 -> 14) (9 -> 19) (10 -> 13) (11 -> 9) (12 -> 8) (13 -> 5) (14 -> 18) 
6 0 2 1
EXCEPT=2 FAIL0=0 FAIL1=2 SIZE=13 
