true 70
(0 -> -1) (1 -> 6) (2 -> -1) (3 -> 4) (4 -> 19) (5 -> 2) (6 -> 13) (7 -> 0) (8 -> 12) (9 -> 14) (10 -> 7) (11 -> 18) (12 -> 15) (13 -> 9) (14 -> 8) 
7 0 1 0
EXCEPT=2 FAIL0=0 FAIL1=1 SIZE=13 
