true 10
(0 -> 8) (1 -> 15) (2 -> 7) (3 -> 4) (4 -> 0) (5 -> 1) (6 -> 9) (7 -> 5) (8 -> -1) (9 -> 12) (10 -> 17) (11 -> 3) (12 -> 2) 
3 0 0
EXCEPT=1 FAIL0=0 SIZE=12 
