true 461
(0 -> -1) (1 -> 17) (2 -> 13) (3 -> 7) (4 -> 9) (5 -> 12) (6 -> 19) (7 -> 14) (8 -> 8) (9 -> -1) (10 -> 6) (11 -> 16) (12 -> 0) (13 -> 5) (14 -> 2) (15 -> 10) (16 -> 11) (17 -> 18) (18 -> 3) 
46 0 14 21
EXCEPT=2 FAIL0=0 FAIL1=14 SIZE=17 
