true 38
(0 -> 16) (1 -> 6) (2 -> 8) (3 -> 14) (4 -> 7) (5 -> 17) (6 -> -1) (7 -> 5) (8 -> 2) (9 -> 1) (10 -> 4) (11 -> 11) (12 -> 12) (13 -> 19) 
7 0 0
EXCEPT=1 FAIL0=0 SIZE=13 
