true 69
(0 -> 14) (1 -> 5) (2 -> 8) (3 -> 0) (4 -> -1) (5 -> 6) (6 -> 12) (7 -> 11) (8 -> 1) (9 -> 18) (10 -> 19) 
17 0 2
EXCEPT=1 FAIL0=0 SIZE=10 
