true 60
(0 -> 3) (1 -> 4) (2 -> 11) (3 -> 7) (4 -> 15) (5 -> -1) (6 -> -1) (7 -> 2) (8 -> 9) (9 -> 6) (10 -> 17) 
29 0 1 1
EXCEPT=2 FAIL0=0 FAIL1=1 SIZE=9 
