true 6
(0 -> 16) (1 -> 17) (2 -> 11) (3 -> 3) (4 -> 4) (5 -> 9) (6 -> 8) (7 -> 2) (8 -> 15) 
1 0
EXCEPT=0 SIZE=9 
