true 27
(0 -> 2) (1 -> 6) (2 -> 7) (3 -> -1) (4 -> 4) (5 -> 11) (6 -> 8) (7 -> 0) 
9 0 0
EXCEPT=1 FAIL0=0 SIZE=7 
