true 131384
(0 -> -1) (1 -> 3) (2 -> -1) (3 -> 11) (4 -> -1) (5 -> 7) (6 -> -1) (7 -> -1) (8 -> -1) (9 -> 1) (10 -> 17) (11 -> -1) (12 -> 13) (13 -> 6) (14 -> 18) (15 -> 4) (16 -> 12) (17 -> 14) (18 -> 2) (19 -> 19) (20 -> 8) (21 -> 5) (22 -> 16) (23 -> 0) (24 -> 15) 
6568 0 0 0 0 0 57 2196 4290
EXCEPT=7 FAIL0=0 FAIL1=0 FAIL2=0 FAIL3=0 FAIL4=0 FAIL5=57 FAIL6=2196 SIZE=18 
