true 4122
(0 -> -1) (1 -> 12) (2 -> 7) (3 -> 11) (4 -> 0) (5 -> 2) (6 -> 4) (7 -> 18) (8 -> 3) (9 -> 1) (10 -> -1) (11 -> 13) (12 -> 8) (13 -> 10) (14 -> 19) (15 -> 6) (16 -> 5) (17 -> 16) (18 -> 14) (19 -> 17) (20 -> -1) 
152 0 2 26 118
EXCEPT=3 FAIL0=0 FAIL1=2 FAIL2=26 SIZE=18 
