true 46
(0 -> 7) (1 -> 6) (2 -> 4) (3 -> 16) (4 -> 17) (5 -> 8) (6 -> -1) (7 -> 5) (8 -> 11) (9 -> 12) (10 -> 14) (11 -> 1) (12 -> 2) (13 -> 19) 
20 0 5
EXCEPT=1 FAIL0=0 SIZE=13 
