true 127
(0 -> 5) (1 -> 1) (2 -> 12) (3 -> 3) (4 -> 11) (5 -> 6) (6 -> 14) (7 -> 8) (8 -> -1) (9 -> 9) (10 -> 19) (11 -> 16) 
5 0 3
EXCEPT=1 FAIL0=0 SIZE=11 
