true 37
(0 -> 11) (1 -> 7) (2 -> 17) (3 -> 2) (4 -> 9) (5 -> 6) (6 -> 3) (7 -> 4) (8 -> -1) 
2 0 1
EXCEPT=1 FAIL0=0 SIZE=8 
