true 369
(0 -> 14) (1 -> 13) (2 -> 7) (3 -> 18) (4 -> 0) (5 -> 3) (6 -> 19) (7 -> -1) (8 -> 12) (9 -> 2) (10 -> 5) (11 -> 6) (12 -> 4) (13 -> 9) (14 -> -1) 
46 0 5 7
EXCEPT=2 FAIL0=0 FAIL1=5 SIZE=13 
