true 76
(0 -> 11) (1 -> 4) (2 -> -1) (3 -> 7) (4 -> 6) (5 -> 2) (6 -> 17) (7 -> 9) 
3 0 1
EXCEPT=1 FAIL0=0 SIZE=7 
