true 143
(0 -> 6) (1 -> 0) (2 -> -1) (3 -> 14) (4 -> 12) (5 -> 8) (6 -> 11) (7 -> 4) (8 -> 17) (9 -> 9) (10 -> 19) (11 -> 15) 
4 0 2
EXCEPT=1 FAIL0=0 SIZE=11 
