true 440201
(0 -> 0) (1 -> 14) (2 -> -1) (3 -> -1) (4 -> 1) (5 -> -1) (6 -> 16) (7 -> 13) (8 -> 9) (9 -> 6) (10 -> 10) (11 -> 11) (12 -> 5) (13 -> 12) (14 -> -1) (15 -> -1) (16 -> -1) (17 -> -1) (18 -> -1) (19 -> 3) (20 -> 18) (21 -> 17) (22 -> 2) (23 -> 19) (24 -> 7) (25 -> 4) 
17988 0 0 0 0 0 0 39 3875 13763
EXCEPT=8 FAIL0=0 FAIL1=0 FAIL2=0 FAIL3=0 FAIL4=0 FAIL5=0 FAIL6=39 FAIL7=3875 SIZE=18 
