true 33298
(0 -> 16) (1 -> 1) (2 -> -1) (3 -> 13) (4 -> 14) (5 -> -1) (6 -> -1) (7 -> 0) (8 -> 3) (9 -> 18) (10 -> 7) (11 -> 8) (12 -> -1) (13 -> 19) (14 -> 4) (15 -> 10) (16 -> 12) (17 -> 17) (18 -> 6) (19 -> -1) (20 -> 9) (21 -> 5) (22 -> 2) 
1194 0 0 0 17 248 915
EXCEPT=5 FAIL0=0 FAIL1=0 FAIL2=0 FAIL3=17 FAIL4=248 SIZE=18 
