true 4697
(0 -> 7) (1 -> -1) (2 -> 11) (3 -> 8) (4 -> 16) (5 -> 14) (6 -> 9) (7 -> 5) (8 -> 3) (9 -> 0) (10 -> 12) (11 -> -1) (12 -> 1) (13 -> 10) (14 -> 18) (15 -> 2) (16 -> 17) (17 -> 19) (18 -> -1) 
197 0 15 126 46
EXCEPT=3 FAIL0=0 FAIL1=15 FAIL2=126 SIZE=16 
