true 16587
(0 -> -1) (1 -> 1) (2 -> -1) (3 -> 5) (4 -> -1) (5 -> 6) (6 -> 4) (7 -> 7) (8 -> 3) (9 -> 14) (10 -> -1) (11 -> 19) (12 -> 0) (13 -> 9) (14 -> 13) (15 -> 12) (16 -> 15) (17 -> 16) (18 -> 18) (19 -> 17) 
534 1 3 48 372 103
EXCEPT=4 FAIL0=1 FAIL1=3 FAIL2=48 FAIL3=372 SIZE=16 
