true 16587
(0 -> -1) (1 -> 1) (2 -> -1) (3 -> 5) (4 -> -1) (5 -> 6) (6 -> 4) (7 -> 7) (8 -> 3) (9 -> 14) (10 -> -1) (11 -> 19) (12 -> 0) (13 -> 9) (14 -> 13) (15 -> 12) (16 -> 15) (17 -> 16) (18 -> 18) (19 -> 17) 
452 0 3 38 311 96
EXCEPT=4 FAIL0=0 FAIL1=3 FAIL2=38 FAIL3=311 SIZE=16 
