true 652
(0 -> -1) (1 -> 18) (2 -> 11) (3 -> -1) (4 -> 1) (5 -> 15) (6 -> 8) (7 -> 19) (8 -> 7) (9 -> 13) (10 -> 4) (11 -> 2) (12 -> 6) (13 -> 3) (14 -> 0) (15 -> 5) (16 -> 10) 
15 0 12 0
EXCEPT=2 FAIL0=0 FAIL1=12 SIZE=15 
