true 283
(0 -> 18) (1 -> 7) (2 -> 19) (3 -> 11) (4 -> 0) (5 -> 6) (6 -> 4) (7 -> 16) (8 -> -1) (9 -> 12) (10 -> 2) (11 -> 5) (12 -> 10) (13 -> -1) (14 -> 14) 
20 0 2 3
EXCEPT=2 FAIL0=0 FAIL1=2 SIZE=13 
