true 35
(0 -> 2) (1 -> 7) (2 -> -1) (3 -> 1) (4 -> 0) (5 -> 4) (6 -> 9) (7 -> 17) (8 -> 3) (9 -> 15) (10 -> 12) (11 -> 18) 
14 0 0
EXCEPT=1 FAIL0=0 SIZE=11 
