true 10
(0 -> 17) (1 -> 9) (2 -> 4) (3 -> 11) (4 -> 16) (5 -> 8) (6 -> 6) (7 -> 3) (8 -> 2) 
0 0
EXCEPT=0 SIZE=9 
