true 11
(0 -> 6) (1 -> -1) (2 -> 11) (3 -> 4) (4 -> 7) (5 -> 2) (6 -> 17) (7 -> 0) (8 -> 8) 
1 0 0
EXCEPT=1 FAIL0=0 SIZE=8 
