true 11
(0 -> 2) (1 -> 1) (2 -> 0) (3 -> 5) (4 -> 7) (5 -> 3) (6 -> -1) (7 -> 4) (8 -> -1) (9 -> -1) (10 -> 6) 
17 0 0 0 0
EXCEPT=3 FAIL0=0 FAIL1=0 FAIL2=0 SIZE=8 
