true 16
(0 -> 5) (1 -> 7) (2 -> 2) (3 -> 6) (4 -> 0) (5 -> 4) (6 -> -1) 
2 0 0
EXCEPT=1 FAIL0=0 SIZE=6 
