true 2
(0 -> 2) (1 -> 0) (2 -> 4) 
12 0
EXCEPT=0 SIZE=3 
