true 7
(0 -> 0) (1 -> 5) (2 -> -1) (3 -> 1) (4 -> 7) (5 -> -1) (6 -> 2) (7 -> 6) (8 -> 4) (9 -> 3) 
33 0 0 0
EXCEPT=2 FAIL0=0 FAIL1=0 SIZE=8 
