true 7
(0 -> -1) (1 -> 1) (2 -> 2) (3 -> 5) (4 -> 4) 
11 0 0
EXCEPT=1 FAIL0=0 SIZE=4 
