true 23
(0 -> 4) (1 -> 0) (2 -> 5) (3 -> -1) (4 -> 7) (5 -> 6) (6 -> 2) (7 -> 3) 
3 0 0
EXCEPT=1 FAIL0=0 SIZE=7 
