true 4
(0 -> 4) (1 -> -1) (2 -> 1) (3 -> 5) (4 -> 3) (5 -> 2) (6 -> 7) (7 -> 0) (8 -> 6) 
2 0 0
EXCEPT=1 FAIL0=0 SIZE=8 
