true 10
(0 -> 4) (1 -> 2) (2 -> -1) (3 -> -1) (4 -> -1) (5 -> 5) (6 -> 3) (7 -> 7) (8 -> 0) (9 -> 1) (10 -> -1) (11 -> 6) 
6 0 0 0 0 0
EXCEPT=4 FAIL0=0 FAIL1=0 FAIL2=0 FAIL3=0 SIZE=8 
