true 456
(0 -> 2) (1 -> -1) (2 -> 5) (3 -> -1) (4 -> 6) (5 -> 3) (6 -> 0) (7 -> 7) (8 -> -1) (9 -> 1) (10 -> 4) 
79 0 0 0 6
EXCEPT=3 FAIL0=0 FAIL1=0 FAIL2=0 SIZE=8 
