true 8
(0 -> 3) (1 -> 4) (2 -> 0) (3 -> 7) (4 -> -1) (5 -> 6) (6 -> 2) (7 -> 1) (8 -> 5) 
1 0 0
EXCEPT=1 FAIL0=0 SIZE=8 
