true 10
(0 -> 2) (1 -> 4) (2 -> 1) (3 -> 7) (4 -> 5) (5 -> -1) (6 -> 0) 
8 0 0
EXCEPT=1 FAIL0=0 SIZE=6 
