true 8
(0 -> 0) (1 -> -1) (2 -> -1) (3 -> 2) (4 -> 5) 
7 0 0 0
EXCEPT=2 FAIL0=0 FAIL1=0 SIZE=3 
