true 198
(0 -> 7) (1 -> 14) (2 -> 15) (3 -> 16) (4 -> 17) (5 -> -1) (6 -> -1) (7 -> -1) (8 -> 8) (9 -> 9) (10 -> 10) (11 -> -1) (12 -> 12) (13 -> 2) (14 -> 1) (15 -> -1) 
14 0 0 1 2 6 0
EXCEPT=5 FAIL0=0 FAIL1=0 FAIL2=1 FAIL3=2 FAIL4=6 SIZE=11 
