true 60
(0 -> 0) (1 -> -1) (2 -> -1) (3 -> 14) (4 -> 16) (5 -> 17) (6 -> -1) (7 -> 13) (8 -> 11) (9 -> 18) 
15 0 0 0 2
EXCEPT=3 FAIL0=0 FAIL1=0 FAIL2=0 SIZE=7 
