true 7
(0 -> 13) (1 -> 11) (2 -> -1) (3 -> -1) (4 -> 12) (5 -> 18) 
3 0 0 0
EXCEPT=2 FAIL0=0 FAIL1=0 SIZE=4 
