true 23
(0 -> 11) (1 -> 13) (2 -> -1) (3 -> 0) (4 -> -1) (5 -> -1) (6 -> 17) (7 -> 16) (8 -> 14) (9 -> 18) 
62 0 0 0 0
EXCEPT=3 FAIL0=0 FAIL1=0 FAIL2=0 SIZE=7 
