true 441
(0 -> 8) (1 -> 5) (2 -> -1) (3 -> 14) (4 -> -1) (5 -> 0) (6 -> 7) (7 -> 4) (8 -> -1) (9 -> -1) (10 -> 13) (11 -> 11) (12 -> 17) (13 -> 18) 
20 0 0 0 3 13
EXCEPT=4 FAIL0=0 FAIL1=0 FAIL2=0 FAIL3=3 SIZE=10 
