true 93
(0 -> 4) (1 -> -1) (2 -> 3) (3 -> 5) (4 -> -1) (5 -> 0) (6 -> 8) (7 -> 9) (8 -> -1) (9 -> 14) (10 -> 15) (11 -> 16) (12 -> 17) (13 -> 18) 
8 0 0 0 4
EXCEPT=3 FAIL0=0 FAIL1=0 FAIL2=0 SIZE=11 
