true 14
(0 -> 13) (1 -> 11) (2 -> -1) (3 -> 7) (4 -> 4) (5 -> 14) (6 -> -1) (7 -> 15) (8 -> 8) (9 -> 9) (10 -> 5) (11 -> -1) 
13 0 0 0 0
EXCEPT=3 FAIL0=0 FAIL1=0 FAIL2=0 SIZE=9 
