true 339
(0 -> 2) (1 -> 0) (2 -> -1) (3 -> -1) (4 -> -1) (5 -> 13) (6 -> 11) (7 -> 12) (8 -> -1) (9 -> 18) 
15 0 0 0 1 8
EXCEPT=4 FAIL0=0 FAIL1=0 FAIL2=0 FAIL3=1 SIZE=6 
