true 852
(0 -> 13) (1 -> -1) (2 -> -1) (3 -> 12) (4 -> -1) (5 -> 2) (6 -> 8) (7 -> 9) (8 -> 10) (9 -> 1) (10 -> -1) (11 -> 3) (12 -> 4) (13 -> -1) (14 -> 14) (15 -> 15) (16 -> 16) (17 -> 18) 
64 0 0 0 3 17 25
EXCEPT=5 FAIL0=0 FAIL1=0 FAIL2=0 FAIL3=3 FAIL4=17 SIZE=13 
