true 218
(0 -> 0) (1 -> 3) (2 -> 5) (3 -> -1) (4 -> 9) (5 -> -1) (6 -> 12) (7 -> 10) (8 -> 18) (9 -> -1) (10 -> -1) (11 -> -1) (12 -> -1) (13 -> -1) 
12 0 0 0 0 0 0 1 6
EXCEPT=7 FAIL0=0 FAIL1=0 FAIL2=0 FAIL3=0 FAIL4=0 FAIL5=0 FAIL6=1 SIZE=7 
