true 9
(0 -> 15) (1 -> 14) (2 -> -1) (3 -> 16) (4 -> 17) (5 -> 2) (6 -> 1) (7 -> -1) 
10 0 0 0
EXCEPT=2 FAIL0=0 FAIL1=0 SIZE=6 
