true 4239
(0 -> -1) (1 -> 16) (2 -> -1) (3 -> 17) (4 -> 11) (5 -> 12) (6 -> 13) (7 -> 2) (8 -> 1) (9 -> 0) (10 -> 3) (11 -> -1) (12 -> 10) (13 -> 8) (14 -> -1) (15 -> 15) (16 -> -1) (17 -> -1) (18 -> -1) (19 -> -1) (20 -> -1) (21 -> -1) (22 -> -1) 
266 0 0 0 0 0 0 0 0 4 26 198 22
EXCEPT=11 FAIL0=0 FAIL1=0 FAIL10=198 FAIL2=0 FAIL3=0 FAIL4=0 FAIL5=0 FAIL6=0 FAIL7=0 FAIL8=4 FAIL9=26 SIZE=12 
