true 9
(0 -> 12) (1 -> -1) (2 -> 11) (3 -> 13) (4 -> 17) (5 -> 16) (6 -> -1) 
45 0 0 0
EXCEPT=2 FAIL0=0 FAIL1=0 SIZE=5 
