true 6119
(0 -> 2) (1 -> 1) (2 -> 5) (3 -> 0) (4 -> 8) (5 -> 9) (6 -> 10) (7 -> -1) (8 -> -1) (9 -> -1) (10 -> -1) (11 -> -1) (12 -> 14) (13 -> 15) (14 -> 16) (15 -> 17) (16 -> -1) (17 -> -1) (18 -> 4) (19 -> -1) (20 -> 11) (21 -> 12) (22 -> 13) (23 -> -1) 
456 0 0 0 0 0 0 0 13 163 260
EXCEPT=9 FAIL0=0 FAIL1=0 FAIL2=0 FAIL3=0 FAIL4=0 FAIL5=0 FAIL6=0 FAIL7=13 FAIL8=163 SIZE=15 
