true 12786
(0 -> 5) (1 -> 8) (2 -> 10) (3 -> 9) (4 -> -1) (5 -> -1) (6 -> 13) (7 -> 11) (8 -> 4) (9 -> -1) (10 -> 12) (11 -> -1) (12 -> -1) (13 -> 2) (14 -> 0) (15 -> -1) (16 -> 14) (17 -> 16) (18 -> 17) (19 -> -1) 
738 0 0 0 1 7 36 205 450
EXCEPT=7 FAIL0=0 FAIL1=0 FAIL2=0 FAIL3=1 FAIL4=7 FAIL5=36 FAIL6=205 SIZE=13 
