true 10
(0 -> 0) (1 -> -1) (2 -> 11) (3 -> 6) (4 -> -1) (5 -> 7) (6 -> 14) (7 -> 15) (8 -> 16) (9 -> 17) (10 -> 18) 
1 0 0 0
EXCEPT=2 FAIL0=0 FAIL1=0 SIZE=9 
