true 64
(0 -> 0) (1 -> 1) (2 -> 2) (3 -> 3) (4 -> -1) (5 -> 5) (6 -> -1) (7 -> -1) (8 -> 9) (9 -> 14) (10 -> 16) (11 -> 18) 
29 0 0 0 1
EXCEPT=3 FAIL0=0 FAIL1=0 FAIL2=0 SIZE=9 
