true 30
(0 -> -1) (1 -> 2) (2 -> -1) (3 -> 1) (4 -> 12) (5 -> -1) (6 -> 5) (7 -> 8) (8 -> 9) (9 -> 10) (10 -> 18) 
2 0 0 0 0
EXCEPT=3 FAIL0=0 FAIL1=0 FAIL2=0 SIZE=8 
