true 110
(0 -> 12) (1 -> -1) (2 -> 9) (3 -> -1) (4 -> 7) (5 -> 4) (6 -> -1) (7 -> 0) (8 -> 2) (9 -> 14) (10 -> 15) (11 -> 16) (12 -> 17) (13 -> 18) 
19 0 0 0 3
EXCEPT=3 FAIL0=0 FAIL1=0 FAIL2=0 SIZE=11 
