true 66
(0 -> 8) (1 -> 9) (2 -> -1) (3 -> -1) (4 -> 0) (5 -> -1) (6 -> 12) (7 -> 3) (8 -> 4) (9 -> 18) 
29 0 0 0 1
EXCEPT=3 FAIL0=0 FAIL1=0 FAIL2=0 SIZE=7 
