true 565
(0 -> 9) (1 -> -1) (2 -> 1) (3 -> 2) (4 -> -1) (5 -> 13) (6 -> 3) (7 -> 11) (8 -> 12) (9 -> -1) (10 -> -1) 
23 0 0 0 5 13
EXCEPT=4 FAIL0=0 FAIL1=0 FAIL2=0 FAIL3=5 SIZE=7 
