true 54
(0 -> 8) (1 -> 9) (2 -> -1) (3 -> 14) (4 -> 7) (5 -> -1) (6 -> 2) (7 -> 15) (8 -> 1) (9 -> 0) (10 -> -1) 
17 0 0 0 2
EXCEPT=3 FAIL0=0 FAIL1=0 FAIL2=0 SIZE=8 
