true 70766
(0 -> 0) (1 -> 2) (2 -> -1) (3 -> -1) (4 -> -1) (5 -> 12) (6 -> 11) (7 -> 13) (8 -> -1) (9 -> -1) (10 -> -1) (11 -> 3) (12 -> 8) (13 -> 9) (14 -> 10) (15 -> -1) (16 -> 4) (17 -> 7) (18 -> -1) (19 -> -1) (20 -> 15) (21 -> 16) (22 -> -1) (23 -> 17) (24 -> -1) 
4000 0 0 0 0 0 0 0 0 8 134 1318 2514
EXCEPT=11 FAIL0=0 FAIL1=0 FAIL10=1318 FAIL2=0 FAIL3=0 FAIL4=0 FAIL5=0 FAIL6=0 FAIL7=0 FAIL8=8 FAIL9=134 SIZE=14 
