true 70502
(0 -> 14) (1 -> 16) (2 -> 17) (3 -> -1) (4 -> -1) (5 -> -1) (6 -> 9) (7 -> 8) (8 -> 10) (9 -> -1) (10 -> -1) (11 -> -1) (12 -> -1) (13 -> 2) (14 -> 3) (15 -> 4) (16 -> 11) (17 -> 12) (18 -> 13) (19 -> -1) (20 -> -1) (21 -> 18) 
3742 0 0 0 0 0 4 25 107 758 2834
EXCEPT=9 FAIL0=0 FAIL1=0 FAIL2=0 FAIL3=0 FAIL4=0 FAIL5=4 FAIL6=25 FAIL7=107 FAIL8=758 SIZE=13 
