true 1177
(0 -> 8) (1 -> 9) (2 -> -1) (3 -> -1) (4 -> 15) (5 -> -1) (6 -> 0) (7 -> 17) (8 -> 16) (9 -> 1) (10 -> -1) (11 -> 3) (12 -> 4) (13 -> -1) (14 -> 11) (15 -> 12) (16 -> 13) (17 -> -1) 
67 0 0 1 2 10 44 4
EXCEPT=6 FAIL0=0 FAIL1=0 FAIL2=1 FAIL3=2 FAIL4=10 FAIL5=44 SIZE=12 
