true 4959
(0 -> -1) (1 -> -1) (2 -> 12) (3 -> 2) (4 -> 1) (5 -> -1) (6 -> -1) (7 -> -1) (8 -> 15) (9 -> 3) (10 -> 4) (11 -> -1) (12 -> 13) (13 -> 9) (14 -> 8) (15 -> 10) (16 -> 17) (17 -> 16) (18 -> -1) 
323 0 0 0 2 6 26 114 95
EXCEPT=7 FAIL0=0 FAIL1=0 FAIL2=0 FAIL3=2 FAIL4=6 FAIL5=26 FAIL6=114 SIZE=12 
