true 16
(0 -> 5) (1 -> 8) (2 -> -1) (3 -> 0) (4 -> 2) (5 -> -1) (6 -> 14) (7 -> 16) (8 -> 17) (9 -> 9) (10 -> 18) 
2 0 0 0
EXCEPT=2 FAIL0=0 FAIL1=0 SIZE=9 
