true 41
(0 -> 0) (1 -> -1) (2 -> 10) (3 -> 9) (4 -> 15) (5 -> -1) (6 -> 3) 
35 0 0 0
EXCEPT=2 FAIL0=0 FAIL1=0 SIZE=5 
