true 6
(0 -> 18) (1 -> -1) (2 -> 1) (3 -> 0) (4 -> 5) 
42 0 0
EXCEPT=1 FAIL0=0 SIZE=4 
