true 4
(0 -> 7) (1 -> 17) (2 -> 2) (3 -> 4) (4 -> 9) 
7 0
EXCEPT=0 SIZE=5 
