true 2
(0 -> 8) (1 -> 6) (2 -> 11) 
0 0
EXCEPT=0 SIZE=3 
