true 7
(0 -> -1) (1 -> 0) (2 -> 1) (3 -> 2) (4 -> 7) (5 -> 4) 
12 0 0
EXCEPT=1 FAIL0=0 SIZE=5 
