true 8
(0 -> 0) (1 -> 3) (2 -> -1) (3 -> 10) (4 -> 15) (5 -> 13) 
4 0 0
EXCEPT=1 FAIL0=0 SIZE=5 
