true 2
(0 -> 11) (1 -> 6) (2 -> 8) 
0 0
EXCEPT=0 SIZE=3 
