true 10
(0 -> 8) (1 -> 16) (2 -> 11) (3 -> 6) 
10 0
EXCEPT=0 SIZE=4 
