true 5
(0 -> 3) (1 -> 15) (2 -> 4) (3 -> 17) (4 -> 2) (5 -> 9) (6 -> 8) 
2 0
EXCEPT=0 SIZE=7 
