true 10
(0 -> 8) (1 -> 11) (2 -> 6) (3 -> 16) 
4 0
EXCEPT=0 SIZE=4 
