true 6
(0 -> 0) (1 -> 18) (2 -> 13) (3 -> 1) (4 -> 5) (5 -> -1) (6 -> 10) 
1 0 0
EXCEPT=1 FAIL0=0 SIZE=6 
