true 11
(0 -> -1) (1 -> 11) (2 -> 15) (3 -> 6) (4 -> 10) (5 -> 0) 
116 0 0
EXCEPT=1 FAIL0=0 SIZE=5 
