true 3
(0 -> 16) (1 -> 6) (2 -> 11) (3 -> 8) 
1 0
EXCEPT=0 SIZE=4 
