true 4
(0 -> 17) (1 -> 4) (2 -> 2) (3 -> 9) (4 -> 7) 
2 0
EXCEPT=0 SIZE=5 
