true 22
(0 -> 0) (1 -> 11) (2 -> 1) (3 -> 10) (4 -> 16) (5 -> 6) (6 -> 18) (7 -> -1) (8 -> 8) 
1 0 0
EXCEPT=1 FAIL0=0 SIZE=8 
