true 6
(0 -> 6) (1 -> 2) (2 -> 9) (3 -> 7) (4 -> 11) (5 -> 4) (6 -> 8) 
6 0
EXCEPT=0 SIZE=7 
