true 6
(0 -> 6) (1 -> 8) (2 -> 15) (3 -> 17) (4 -> 2) (5 -> 11) (6 -> 4) (7 -> 9) (8 -> 3) 
0 0
EXCEPT=0 SIZE=9 
