true 12
(0 -> 3) (1 -> 6) (2 -> 8) (3 -> 9) (4 -> 4) (5 -> 15) (6 -> 11) 
38 0
EXCEPT=0 SIZE=7 
