true 6
(0 -> 6) (1 -> 17) (2 -> 9) (3 -> 4) (4 -> 2) (5 -> 11) (6 -> 16) (7 -> 8) 
0 0
EXCEPT=0 SIZE=8 
