true 18
(0 -> 1) (1 -> 4) (2 -> 7) (3 -> 0) (4 -> 2) (5 -> -1) 
4 0 1
EXCEPT=1 FAIL0=0 SIZE=5 
