true 8
(0 -> 1) (1 -> 4) (2 -> 0) (3 -> 3) (4 -> 6) (5 -> -1) (6 -> 5) 
11 0 0
EXCEPT=1 FAIL0=0 SIZE=6 
