true 82
(0 -> 7) (1 -> 4) (2 -> -1) (3 -> 0) (4 -> 1) (5 -> -1) (6 -> 2) (7 -> 5) (8 -> 6) 
81 0 0 2
EXCEPT=2 FAIL0=0 FAIL1=0 SIZE=7 
