true 12
(0 -> 1) (1 -> 2) (2 -> -1) (3 -> -1) (4 -> 7) (5 -> 3) (6 -> -1) (7 -> 0) (8 -> -1) (9 -> 6) (10 -> -1) (11 -> 4) (12 -> -1) (13 -> 5) 
62 0 0 0 0 0 0 1
EXCEPT=6 FAIL0=0 FAIL1=0 FAIL2=0 FAIL3=0 FAIL4=0 FAIL5=0 SIZE=8 
