true 8
(0 -> 1) (1 -> 6) (2 -> 5) (3 -> 4) (4 -> -1) (5 -> 3) (6 -> -1) (7 -> -1) (8 -> 0) (9 -> 2) (10 -> 7) 
49 0 0 0 0
EXCEPT=3 FAIL0=0 FAIL1=0 FAIL2=0 SIZE=8 
