true 7
(0 -> 6) (1 -> -1) (2 -> 2) (3 -> 7) (4 -> 3) (5 -> -1) (6 -> -1) (7 -> 0) (8 -> 5) (9 -> 4) (10 -> 1) 
19 0 0 0 0
EXCEPT=3 FAIL0=0 FAIL1=0 FAIL2=0 SIZE=8 
