true 25
(0 -> 1) (1 -> 7) (2 -> 4) (3 -> 6) (4 -> 0) (5 -> 3) (6 -> -1) (7 -> 2) (8 -> 5) 
7 0 0
EXCEPT=1 FAIL0=0 SIZE=8 
