true 28
(0 -> 0) (1 -> 1) (2 -> 7) (3 -> 3) (4 -> 2) (5 -> -1) (6 -> 4) (7 -> 6) 
1 0 0
EXCEPT=1 FAIL0=0 SIZE=7 
