true 9
(0 -> 6) (1 -> 0) (2 -> -1) (3 -> 1) (4 -> 4) (5 -> 2) (6 -> 5) (7 -> -1) (8 -> -1) (9 -> -1) (10 -> 7) (11 -> 3) 
4 0 0 0 0 0
EXCEPT=4 FAIL0=0 FAIL1=0 FAIL2=0 FAIL3=0 SIZE=8 
