true 86
(0 -> 2) (1 -> 6) (2 -> 1) (3 -> 5) (4 -> 7) (5 -> 4) (6 -> 0) (7 -> -1) (8 -> -1) 
58 0 5 0
EXCEPT=2 FAIL0=0 FAIL1=5 SIZE=7 
