true 44
(0 -> 2) (1 -> -1) (2 -> -1) (3 -> 5) (4 -> 4) (5 -> 6) (6 -> 1) (7 -> 7) 
3 0 0 0
EXCEPT=2 FAIL0=0 FAIL1=0 SIZE=6 
