true 70
(0 -> -1) (1 -> 1) (2 -> 4) (3 -> -1) (4 -> 3) (5 -> 2) (6 -> -1) (7 -> 6) (8 -> 7) (9 -> 0) (10 -> 5) 
11 0 0 0 0
EXCEPT=3 FAIL0=0 FAIL1=0 FAIL2=0 SIZE=8 
