true 9
(0 -> 6) (1 -> -1) (2 -> 1) (3 -> -1) (4 -> 5) (5 -> 7) (6 -> 2) (7 -> 4) (8 -> -1) (9 -> 3) (10 -> -1) (11 -> 0) 
20 0 0 0 0 0
EXCEPT=4 FAIL0=0 FAIL1=0 FAIL2=0 FAIL3=0 SIZE=8 
