true 10
(0 -> 2) (1 -> 1) (2 -> -1) (3 -> -1) (4 -> -1) (5 -> -1) (6 -> 4) (7 -> 3) (8 -> 6) (9 -> 0) (10 -> 5) (11 -> 7) 
95 0 0 0 0 0
EXCEPT=4 FAIL0=0 FAIL1=0 FAIL2=0 FAIL3=0 SIZE=8 
