true 20
(0 -> -1) (1 -> -1) (2 -> -1) (3 -> 1) (4 -> 4) (5 -> 5) (6 -> -1) (7 -> 7) (8 -> -1) (9 -> -1) (10 -> -1) (11 -> -1) (12 -> -1) (13 -> -1) (14 -> 2) (15 -> -1) (16 -> -1) (17 -> 3) (18 -> 0) (19 -> 6) 
13 0 0 0 0 0 0 0 0 0 0 0 0 0
EXCEPT=12 FAIL0=0 FAIL1=0 FAIL10=0 FAIL11=0 FAIL2=0 FAIL3=0 FAIL4=0 FAIL5=0 FAIL6=0 FAIL7=0 FAIL8=0 FAIL9=0 SIZE=8 
