true 394
(0 -> -1) (1 -> -1) (2 -> 4) (3 -> -1) (4 -> -1) (5 -> -1) (6 -> 2) (7 -> 7) (8 -> 1) (9 -> -1) (10 -> -1) (11 -> -1) (12 -> 0) (13 -> 5) (14 -> -1) (15 -> 3) 
13 0 0 0 0 0 0 0 0 3 5
EXCEPT=9 FAIL0=0 FAIL1=0 FAIL2=0 FAIL3=0 FAIL4=0 FAIL5=0 FAIL6=0 FAIL7=0 FAIL8=3 SIZE=7 
