true 127
(0 -> 4) (1 -> 5) (2 -> 3) (3 -> -1) (4 -> -1) (5 -> 0) (6 -> 6) (7 -> 7) (8 -> 2) (9 -> -1) 
5 0 0 0 1
EXCEPT=3 FAIL0=0 FAIL1=0 FAIL2=0 SIZE=7 
