true 11
(0 -> 5) (1 -> 7) (2 -> 2) (3 -> 3) (4 -> 4) (5 -> 0) (6 -> 6) (7 -> -1) 
1 0 0
EXCEPT=1 FAIL0=0 SIZE=7 
