true 20
(0 -> -1) (1 -> 1) (2 -> 7) (3 -> 0) (4 -> 3) (5 -> 4) (6 -> 2) 
2 0 0
EXCEPT=1 FAIL0=0 SIZE=6 
