true 10
(0 -> 1) (1 -> 4) (2 -> 7) (3 -> 0) (4 -> 3) (5 -> -1) (6 -> 5) 
1 0 0
EXCEPT=1 FAIL0=0 SIZE=6 
