true 189
(0 -> 2) (1 -> -1) (2 -> -1) (3 -> -1) (4 -> 5) (5 -> -1) (6 -> 1) (7 -> 4) (8 -> 7) (9 -> 0) 
7 0 0 0 1 0
EXCEPT=4 FAIL0=0 FAIL1=0 FAIL2=0 FAIL3=1 SIZE=6 
