true 1173
(0 -> -1) (1 -> 2) (2 -> -1) (3 -> -1) (4 -> -1) (5 -> 0) (6 -> 7) (7 -> -1) (8 -> -1) (9 -> -1) (10 -> 4) (11 -> -1) (12 -> 3) (13 -> 1) (14 -> 5) 
27 0 0 0 0 0 0 0 2 20
EXCEPT=8 FAIL0=0 FAIL1=0 FAIL2=0 FAIL3=0 FAIL4=0 FAIL5=0 FAIL6=0 FAIL7=2 SIZE=7 
