true 400
(0 -> -1) (1 -> 5) (2 -> -1) (3 -> 0) (4 -> -1) (5 -> -1) (6 -> 3) (7 -> -1) (8 -> 1) (9 -> -1) (10 -> 2) (11 -> 6) (12 -> 7) 
49 0 0 0 0 0 3 12
EXCEPT=6 FAIL0=0 FAIL1=0 FAIL2=0 FAIL3=0 FAIL4=0 FAIL5=3 SIZE=7 
