true 170
(0 -> 1) (1 -> 4) (2 -> 6) (3 -> -1) (4 -> -1) (5 -> 0) (6 -> -1) (7 -> -1) (8 -> 3) (9 -> 7) (10 -> 5) 
10 0 0 0 0 1
EXCEPT=4 FAIL0=0 FAIL1=0 FAIL2=0 FAIL3=0 SIZE=7 
