true 120
(0 -> 7) (1 -> 4) (2 -> -1) (3 -> 0) (4 -> -1) (5 -> -1) (6 -> 2) (7 -> 5) (8 -> 6) 
24 0 0 0 1
EXCEPT=3 FAIL0=0 FAIL1=0 FAIL2=0 SIZE=6 
