true 237
(0 -> -1) (1 -> 1) (2 -> -1) (3 -> 3) (4 -> 0) (5 -> 4) (6 -> 7) (7 -> 2) (8 -> 5) (9 -> -1) (10 -> -1) 
54 0 1 0 1 3
EXCEPT=4 FAIL0=0 FAIL1=1 FAIL2=0 FAIL3=1 SIZE=7 
