true 171
(0 -> -1) (1 -> 1) (2 -> 4) (3 -> 0) (4 -> -1) (5 -> 7) (6 -> -1) (7 -> 5) (8 -> 3) 
4 0 0 0 1
EXCEPT=3 FAIL0=0 FAIL1=0 FAIL2=0 SIZE=6 
