true 671
(0 -> 7) (1 -> -1) (2 -> -1) (3 -> 0) (4 -> -1) (5 -> -1) (6 -> 2) (7 -> 4) (8 -> -1) (9 -> -1) (10 -> 1) (11 -> 5) (12 -> -1) (13 -> -1) (14 -> 3) 
26 0 0 0 0 0 0 0 2 14
EXCEPT=8 FAIL0=0 FAIL1=0 FAIL2=0 FAIL3=0 FAIL4=0 FAIL5=0 FAIL6=0 FAIL7=2 SIZE=7 
