true 160
(0 -> 6) (1 -> 4) (2 -> 7) (3 -> 2) (4 -> 5) (5 -> 0) (6 -> 3) (7 -> -1) (8 -> -1) (9 -> -1) 
29 0 0 1 4
EXCEPT=3 FAIL0=0 FAIL1=0 FAIL2=1 SIZE=7 
