true 37
(0 -> -1) (1 -> 4) (2 -> 1) (3 -> 0) (4 -> 5) (5 -> 2) (6 -> -1) (7 -> 7) 
6 0 0 0
EXCEPT=2 FAIL0=0 FAIL1=0 SIZE=6 
