true 2986
(0 -> -1) (1 -> -1) (2 -> -1) (3 -> 2) (4 -> -1) (5 -> -1) (6 -> -1) (7 -> -1) (8 -> -1) (9 -> -1) (10 -> -1) (11 -> 7) (12 -> -1) (13 -> 4) (14 -> 1) (15 -> -1) (16 -> -1) (17 -> -1) (18 -> -1) (19 -> -1) (20 -> 0) (21 -> 5) (22 -> 3) (23 -> -1) (24 -> -1) 
123 0 0 0 0 0 0 0 0 0 0 0 0 0 0 0 0 0 6 87
EXCEPT=18 FAIL0=0 FAIL1=0 FAIL10=0 FAIL11=0 FAIL12=0 FAIL13=0 FAIL14=0 FAIL15=0 FAIL16=0 FAIL17=6 FAIL2=0 FAIL3=0 FAIL4=0 FAIL5=0 FAIL6=0 FAIL7=0 FAIL8=0 FAIL9=0 SIZE=7 
