true 1340
(0 -> -1) (1 -> -1) (2 -> -1) (3 -> 3) (4 -> -1) (5 -> -1) (6 -> 2) (7 -> -1) (8 -> -1) (9 -> -1) (10 -> 1) (11 -> 4) (12 -> 5) (13 -> -1) (14 -> -1) (15 -> 6) (16 -> -1) (17 -> 7) (18 -> -1) (19 -> -1) 
271 1 0 4 0 0 0 0 0 0 0 0 0 8 34
EXCEPT=13 FAIL0=1 FAIL1=0 FAIL10=0 FAIL11=0 FAIL12=8 FAIL2=4 FAIL3=0 FAIL4=0 FAIL5=0 FAIL6=0 FAIL7=0 FAIL8=0 FAIL9=0 SIZE=7 
