true 475
(0 -> -1) (1 -> 2) (2 -> -1) (3 -> -1) (4 -> 7) (5 -> -1) (6 -> 1) (7 -> -1) (8 -> 4) (9 -> 6) (10 -> 5) (11 -> -1) (12 -> -1) (13 -> 3) 
56 0 0 0 0 0 0 2 10
EXCEPT=7 FAIL0=0 FAIL1=0 FAIL2=0 FAIL3=0 FAIL4=0 FAIL5=0 FAIL6=2 SIZE=7 
