true 683
(0 -> -1) (1 -> 3) (2 -> 1) (3 -> -1) (4 -> 4) (5 -> 7) (6 -> -1) (7 -> 5) (8 -> -1) (9 -> 0) (10 -> -1) 
51 0 0 0 1 4 10
EXCEPT=5 FAIL0=0 FAIL1=0 FAIL2=0 FAIL3=1 FAIL4=4 SIZE=6 
