true 683
(0 -> -1) (1 -> 3) (2 -> 1) (3 -> -1) (4 -> 4) (5 -> 7) (6 -> -1) (7 -> 5) (8 -> -1) (9 -> 0) (10 -> -1) 
13 0 0 0 0 2 4
EXCEPT=5 FAIL0=0 FAIL1=0 FAIL2=0 FAIL3=0 FAIL4=2 SIZE=6 
