true 228
(0 -> 1) (1 -> 5) (2 -> -1) (3 -> -1) (4 -> 2) (5 -> 4) (6 -> -1) (7 -> 0) (8 -> -1) (9 -> 7) (10 -> -1) (11 -> 3) 
12 0 0 0 0 1 6
EXCEPT=5 FAIL0=0 FAIL1=0 FAIL2=0 FAIL3=0 FAIL4=1 SIZE=7 
