true 167
(0 -> 2) (1 -> 7) (2 -> -1) (3 -> -1) (4 -> 6) (5 -> 4) (6 -> 3) (7 -> 5) (8 -> -1) 
17 0 0 1 1
EXCEPT=3 FAIL0=0 FAIL1=0 FAIL2=1 SIZE=6 
