true 111
(0 -> -1) (1 -> 4) (2 -> 3) (3 -> -1) (4 -> 1) (5 -> 2) (6 -> 5) (7 -> -1) (8 -> -1) (9 -> 0) (10 -> 7) 
16 0 0 0 1 1
EXCEPT=4 FAIL0=0 FAIL1=0 FAIL2=0 FAIL3=1 SIZE=7 
