true 177
(0 -> -1) (1 -> -1) (2 -> -1) (3 -> -1) (4 -> -1) (5 -> 1) (6 -> 4) (7 -> 0) (8 -> 5) (9 -> 3) (10 -> 2) (11 -> 7) 
36 0 0 0 0 1 2
EXCEPT=5 FAIL0=0 FAIL1=0 FAIL2=0 FAIL3=0 FAIL4=1 SIZE=7 
