true 21
(0 -> 2) (1 -> 7) (2 -> 0) (3 -> 4) (4 -> 6) (5 -> -1) (6 -> 3) (7 -> 5) 
1 0 0
EXCEPT=1 FAIL0=0 SIZE=7 
