true 7052
(0 -> 7) (1 -> -1) (2 -> 1) (3 -> 4) (4 -> -1) (5 -> 5) (6 -> 3) (7 -> -1) (8 -> 0) (9 -> -1) (10 -> -1) (11 -> -1) (12 -> -1) (13 -> -1) (14 -> -1) 
108 0 0 0 0 0 0 0 2 20 60
EXCEPT=9 FAIL0=0 FAIL1=0 FAIL2=0 FAIL3=0 FAIL4=0 FAIL5=0 FAIL6=0 FAIL7=2 FAIL8=20 SIZE=6 
