true 86
(0 -> 5) (1 -> 0) (2 -> 1) (3 -> -1) (4 -> -1) (5 -> 7) (6 -> 2) (7 -> 3) 
12 0 0 1
EXCEPT=2 FAIL0=0 FAIL1=0 SIZE=6 
