true 570
(0 -> -1) (1 -> -1) (2 -> 1) (3 -> -1) (4 -> 3) (5 -> 4) (6 -> -1) (7 -> 0) (8 -> -1) (9 -> 5) (10 -> 7) 
13 0 0 0 1 4 3
EXCEPT=5 FAIL0=0 FAIL1=0 FAIL2=0 FAIL3=1 FAIL4=4 SIZE=6 
