true 250
(0 -> 4) (1 -> -1) (2 -> -1) (3 -> -1) (4 -> 1) (5 -> -1) (6 -> 7) (7 -> 2) (8 -> 0) (9 -> 3) (10 -> -1) (11 -> 5) 
15 0 0 0 0 6 3
EXCEPT=5 FAIL0=0 FAIL1=0 FAIL2=0 FAIL3=0 FAIL4=6 SIZE=7 
