true 394
(0 -> 1) (1 -> 0) (2 -> 5) (3 -> -1) (4 -> -1) (5 -> 3) (6 -> 4) (7 -> 2) (8 -> -1) (9 -> -1) (10 -> 7) (11 -> -1) 
28 0 0 0 0 1 7
EXCEPT=5 FAIL0=0 FAIL1=0 FAIL2=0 FAIL3=0 FAIL4=1 SIZE=7 
