true 329
(0 -> 4) (1 -> -1) (2 -> 7) (3 -> -1) (4 -> -1) (5 -> 0) (6 -> 2) (7 -> -1) (8 -> -1) (9 -> 3) (10 -> 1) (11 -> 5) 
9 0 0 0 0 1 4
EXCEPT=5 FAIL0=0 FAIL1=0 FAIL2=0 FAIL3=0 FAIL4=1 SIZE=7 
