true 1138
(0 -> -1) (1 -> -1) (2 -> -1) (3 -> -1) (4 -> -1) (5 -> 2) (6 -> -1) (7 -> -1) (8 -> -1) (9 -> -1) (10 -> 0) (11 -> 4) (12 -> -1) (13 -> -1) (14 -> -1) (15 -> 1) (16 -> 5) (17 -> 3) (18 -> 7) 
56 0 0 0 0 0 0 0 0 0 5 0 4 24
EXCEPT=12 FAIL0=0 FAIL1=0 FAIL10=0 FAIL11=4 FAIL2=0 FAIL3=0 FAIL4=0 FAIL5=0 FAIL6=0 FAIL7=0 FAIL8=0 FAIL9=5 SIZE=7 
