true 1021
(0 -> -1) (1 -> -1) (2 -> -1) (3 -> 4) (4 -> 3) (5 -> 2) (6 -> -1) (7 -> 1) (8 -> 0) (9 -> -1) (10 -> -1) (11 -> -1) (12 -> 5) (13 -> -1) (14 -> 7) 
44 0 0 0 0 0 0 0 2 19
EXCEPT=8 FAIL0=0 FAIL1=0 FAIL2=0 FAIL3=0 FAIL4=0 FAIL5=0 FAIL6=0 FAIL7=2 SIZE=7 
