true 444
(0 -> 0) (1 -> 3) (2 -> 2) (3 -> 4) (4 -> -1) (5 -> 7) (6 -> -1) (7 -> -1) (8 -> -1) (9 -> -1) (10 -> 1) (11 -> 5) 
20 0 0 0 0 1 8
EXCEPT=5 FAIL0=0 FAIL1=0 FAIL2=0 FAIL3=0 FAIL4=1 SIZE=7 
