true 47
(0 -> 4) (1 -> 0) (2 -> 2) (3 -> 6) (4 -> -1) (5 -> 3) (6 -> 5) (7 -> 7) (8 -> -1) 
2 0 0 0
EXCEPT=2 FAIL0=0 FAIL1=0 SIZE=7 
