true 37
(0 -> -1) (1 -> -1) (2 -> 3) (3 -> -1) (4 -> 5) (5 -> 6) 
4 0 0 0 0
EXCEPT=3 FAIL0=0 FAIL1=0 FAIL2=0 SIZE=3 
