true 16
(0 -> -1) (1 -> 5) (2 -> -1) (3 -> 3) (4 -> 0) (5 -> 1) (6 -> -1) (7 -> 2) (8 -> 6) 
3 0 0 0 0
EXCEPT=3 FAIL0=0 FAIL1=0 FAIL2=0 SIZE=6 
