true 26
(0 -> 0) (1 -> 3) (2 -> -1) (3 -> -1) (4 -> 5) (5 -> 6) 
10 0 0 0
EXCEPT=2 FAIL0=0 FAIL1=0 SIZE=4 
