true 1
(0 -> 0) (1 -> 1) (2 -> 18) 
6 0
EXCEPT=0 SIZE=3 
