true 44
(0 -> 0) (1 -> -1) (2 -> 9) (3 -> -1) (4 -> 17) (5 -> 16) (6 -> 18) 
5 0 0 1
EXCEPT=2 FAIL0=0 FAIL1=0 SIZE=5 
