true 12
(0 -> 5) (1 -> 8) (2 -> -1) (3 -> 9) (4 -> 10) (5 -> -1) 
2 0 0 0
EXCEPT=2 FAIL0=0 FAIL1=0 SIZE=4 
