true 59
(0 -> 14) (1 -> 16) (2 -> 17) (3 -> -1) (4 -> -1) (5 -> 12) (6 -> 9) (7 -> -1) 
6 0 0 0 1
EXCEPT=3 FAIL0=0 FAIL1=0 FAIL2=0 SIZE=5 
