true 10
(0 -> 0) (1 -> 1) (2 -> -1) (3 -> 3) (4 -> 2) (5 -> 5) (6 -> -1) (7 -> 6) 
2 0 0 0
EXCEPT=2 FAIL0=0 FAIL1=0 SIZE=6 
