true 13
(0 -> -1) (1 -> 3) (2 -> -1) (3 -> 5) (4 -> 1) (5 -> 6) 
17 0 0 0
EXCEPT=2 FAIL0=0 FAIL1=0 SIZE=4 
