true 5
(0 -> -1) (1 -> 3) (2 -> -1) (3 -> 2) (4 -> 1) (5 -> 0) (6 -> 5) (7 -> 6) 
8 0 0 0
EXCEPT=2 FAIL0=0 FAIL1=0 SIZE=6 
