true 4
(0 -> 6) (1 -> 7) (2 -> 2) (3 -> 5) (4 -> 0) (5 -> 4) (6 -> 3) 
0 0
EXCEPT=0 SIZE=7 
