true 9
(0 -> 4) (1 -> 5) (2 -> -1) (3 -> 2) (4 -> 6) (5 -> 1) (6 -> 0) 
2 0 0
EXCEPT=1 FAIL0=0 SIZE=6 
