true 6
(0 -> 5) (1 -> 1) (2 -> -1) (3 -> 6) (4 -> 4) 
6 0 0
EXCEPT=1 FAIL0=0 SIZE=4 
