true 8
(0 -> 3) (1 -> 6) (2 -> 7) (3 -> 0) (4 -> 1) (5 -> -1) (6 -> 4) 
1 0 0
EXCEPT=1 FAIL0=0 SIZE=6 
