true 8
(0 -> 0) (1 -> 2) (2 -> -1) (3 -> 1) (4 -> 4) (5 -> 6) (6 -> 3) 
2 0 0
EXCEPT=1 FAIL0=0 SIZE=6 
