true 9
(0 -> 5) (1 -> -1) (2 -> 2) (3 -> 1) (4 -> 6) (5 -> 0) (6 -> -1) (7 -> 7) (8 -> 3) (9 -> -1) (10 -> 4) 
2 0 0 0 0
EXCEPT=3 FAIL0=0 FAIL1=0 FAIL2=0 SIZE=8 
