true 13
(0 -> 1) (1 -> -1) (2 -> 0) (3 -> 5) (4 -> 6) (5 -> 2) (6 -> -1) (7 -> 4) (8 -> 3) (9 -> -1) (10 -> 7) 
2 0 0 0 0
EXCEPT=3 FAIL0=0 FAIL1=0 FAIL2=0 SIZE=8 
