true 8
(0 -> -1) (1 -> 2) (2 -> 6) (3 -> 7) (4 -> 5) (5 -> 1) (6 -> 4) 
1 0 0
EXCEPT=1 FAIL0=0 SIZE=6 
