true 3
(0 -> 2) (1 -> 4) (2 -> 0) (3 -> 7) 
16 0
EXCEPT=0 SIZE=4 
