true 4
(0 -> 3) (1 -> 1) (2 -> 6) (3 -> -1) (4 -> 0) 
2 0 0
EXCEPT=1 FAIL0=0 SIZE=4 
