true 16
(0 -> -1) (1 -> 6) (2 -> 7) (3 -> 2) (4 -> 0) (5 -> 4) (6 -> 1) 
0 0 0
EXCEPT=1 FAIL0=0 SIZE=6 
