true 32
(0 -> 2) (1 -> 4) (2 -> 1) (3 -> 7) (4 -> 5) (5 -> 0) (6 -> 6) (7 -> -1) (8 -> -1) 
3 0 0 0
EXCEPT=2 FAIL0=0 FAIL1=0 SIZE=7 
