true 7
(0 -> -1) (1 -> -1) (2 -> 4) (3 -> 3) (4 -> 7) (5 -> 1) (6 -> 5) (7 -> 0) (8 -> 6) (9 -> 2) 
11 0 0 0
EXCEPT=2 FAIL0=0 FAIL1=0 SIZE=8 
