true 3
(0 -> -1) (1 -> -1) (2 -> 0) (3 -> 6) 
8 0 4 0
EXCEPT=2 FAIL0=0 FAIL1=4 SIZE=2 
