true 14
(0 -> -1) (1 -> -1) (2 -> -1) (3 -> -1) (4 -> -1) (5 -> 2) (6 -> 3) (7 -> 5) (8 -> -1) (9 -> 1) (10 -> 0) (11 -> -1) (12 -> 6) (13 -> -1) (14 -> -1) (15 -> -1) (16 -> -1) (17 -> -1) (18 -> -1) 
45 0 0 0 0 0 0 0 2 0 0 0 0 0 0
EXCEPT=13 FAIL0=0 FAIL1=0 FAIL10=0 FAIL11=0 FAIL12=0 FAIL2=0 FAIL3=0 FAIL4=0 FAIL5=0 FAIL6=0 FAIL7=2 FAIL8=0 FAIL9=0 SIZE=6 
