true 12
(0 -> 5) (1 -> -1) (2 -> -1) (3 -> 2) (4 -> 0) (5 -> 3) (6 -> 1) (7 -> -1) 
3 0 0 1 0
EXCEPT=3 FAIL0=0 FAIL1=0 FAIL2=1 SIZE=5 
