true 11
(0 -> 0) (1 -> -1) (2 -> 2) (3 -> -1) (4 -> -1) (5 -> 4) (6 -> 5) (7 -> 6) 
17 0 0 0 0
EXCEPT=3 FAIL0=0 FAIL1=0 FAIL2=0 SIZE=5 
