true 15
(0 -> 0) (1 -> 3) (2 -> -1) (3 -> 5) (4 -> -1) (5 -> 1) (6 -> 2) (7 -> 6) 
49 0 0 0
EXCEPT=2 FAIL0=0 FAIL1=0 SIZE=6 
