true 36
(0 -> 12) (1 -> 11) (2 -> 13) (3 -> -1) (4 -> 0) (5 -> -1) (6 -> -1) (7 -> 17) (8 -> 16) (9 -> 18) 
21 0 0 0 1
EXCEPT=3 FAIL0=0 FAIL1=0 FAIL2=0 SIZE=7 
