true 5
(0 -> 12) (1 -> 11) (2 -> -1) (3 -> 13) (4 -> -1) 
1 0 0 0
EXCEPT=2 FAIL0=0 FAIL1=0 SIZE=3 
