true 5
(0 -> 3) (1 -> 4) (2 -> -1) (3 -> 6) (4 -> 11) (5 -> -1) 
6 0 0 0
EXCEPT=2 FAIL0=0 FAIL1=0 SIZE=4 
