true 5
(0 -> -1) (1 -> 5) (2 -> 3) (3 -> 10) (4 -> 8) (5 -> 18) 
11 0 0
EXCEPT=1 FAIL0=0 SIZE=5 
