true 2
(0 -> 0) (1 -> 9) (2 -> 18) (3 -> -1) (4 -> -1) (5 -> -1) 
7 0 0 0 0
EXCEPT=3 FAIL0=0 FAIL1=0 FAIL2=0 SIZE=3 
