true 9
(0 -> 10) (1 -> -1) (2 -> 8) (3 -> 14) (4 -> 16) (5 -> 17) (6 -> -1) 
1 0 0 0
EXCEPT=2 FAIL0=0 FAIL1=0 SIZE=5 
