true 3
(0 -> 0) (1 -> 1) (2 -> -1) (3 -> 2) (4 -> 6) (5 -> 4) (6 -> 18) 
18 0 0
EXCEPT=1 FAIL0=0 SIZE=6 
