true 7
(0 -> -1) (1 -> 5) (2 -> -1) (3 -> 10) (4 -> 8) (5 -> 18) 
2 0 0 0
EXCEPT=2 FAIL0=0 FAIL1=0 SIZE=4 
