true 14
(0 -> 8) (1 -> 10) (2 -> -1) (3 -> -1) (4 -> 17) (5 -> 16) (6 -> -1) 
42 0 0 0 0
EXCEPT=3 FAIL0=0 FAIL1=0 FAIL2=0 SIZE=4 
