true 10
(0 -> 5) (1 -> 8) (2 -> -1) (3 -> 12) (4 -> 10) (5 -> -1) 
5 0 0 0
EXCEPT=2 FAIL0=0 FAIL1=0 SIZE=4 
