true 28
(0 -> 13) (1 -> 11) (2 -> 12) (3 -> -1) (4 -> 9) (5 -> 8) (6 -> 10) (7 -> -1) (8 -> 18) 
3 0 0 0
EXCEPT=2 FAIL0=0 FAIL1=0 SIZE=7 
