true 245
(0 -> 0) (1 -> 2) (2 -> -1) (3 -> 3) (4 -> -1) (5 -> 13) (6 -> 11) (7 -> 5) (8 -> -1) (9 -> 17) (10 -> 16) (11 -> 12) (12 -> 18) 
12 0 0 1 6
EXCEPT=3 FAIL0=0 FAIL1=0 FAIL2=1 SIZE=10 
