true 14
(0 -> -1) (1 -> 4) (2 -> -1) (3 -> 9) (4 -> 7) (5 -> 14) (6 -> 16) (7 -> 18) 
22 0 0 0
EXCEPT=2 FAIL0=0 FAIL1=0 SIZE=6 
