true 8
(0 -> 0) (1 -> 1) (2 -> 2) (3 -> -1) (4 -> 17) (5 -> 16) (6 -> 18) 
7 0 0
EXCEPT=1 FAIL0=0 SIZE=6 
