true 7
(0 -> -1) (1 -> 3) (2 -> 1) (3 -> -1) (4 -> 0) (5 -> 6) 
7 0 0 0
EXCEPT=2 FAIL0=0 FAIL1=0 SIZE=4 
