true 8
(0 -> 5) (1 -> 2) (2 -> -1) (3 -> 1) (4 -> 3) (5 -> 0) (6 -> 6) 
6 0 0
EXCEPT=1 FAIL0=0 SIZE=6 
