true 33
(0 -> 5) (1 -> -1) (2 -> 3) (3 -> 1) (4 -> -1) (5 -> 2) (6 -> 0) (7 -> -1) 
1 0 0 0 0
EXCEPT=3 FAIL0=0 FAIL1=0 FAIL2=0 SIZE=5 
