true 51
(0 -> 8) (1 -> 5) (2 -> -1) (3 -> 1) (4 -> 3) (5 -> 4) (6 -> 2) (7 -> 0) (8 -> -1) (9 -> 14) (10 -> 15) (11 -> 16) (12 -> 17) (13 -> -1) 
12 0 0 1 1
EXCEPT=3 FAIL0=0 FAIL1=0 FAIL2=1 SIZE=11 
