true 351
(0 -> -1) (1 -> -1) (2 -> 3) (3 -> 4) (4 -> -1) (5 -> 2) (6 -> -1) (7 -> 7) (8 -> 0) (9 -> -1) (10 -> 5) (11 -> 1) (12 -> 14) (13 -> 15) (14 -> 16) (15 -> 17) (16 -> 10) (17 -> 8) (18 -> 9) (19 -> -1) (20 -> 11) (21 -> 12) (22 -> 13) (23 -> 18) 
30 0 0 0 0 0 0 18
EXCEPT=6 FAIL0=0 FAIL1=0 FAIL2=0 FAIL3=0 FAIL4=0 FAIL5=0 SIZE=18 
