true 14
(0 -> 14) (1 -> 16) (2 -> -1) (3 -> -1) (4 -> 1) (5 -> 3) (6 -> 5) (7 -> 8) (8 -> 9) (9 -> 10) (10 -> -1) 
3 0 0 0 0
EXCEPT=3 FAIL0=0 FAIL1=0 FAIL2=0 SIZE=8 
