true 7
(0 -> 0) (1 -> 1) (2 -> -1) (3 -> 9) (4 -> 8) (5 -> 10) (6 -> 18) 
19 0 0
EXCEPT=1 FAIL0=0 SIZE=6 
