true 237
(0 -> 2) (1 -> 0) (2 -> 1) (3 -> -1) (4 -> -1) (5 -> 13) (6 -> 3) (7 -> 11) (8 -> 12) (9 -> -1) (10 -> 18) 
22 0 0 2 8
EXCEPT=3 FAIL0=0 FAIL1=0 FAIL2=2 SIZE=8 
