true 60
(0 -> 11) (1 -> 12) (2 -> -1) (3 -> 8) (4 -> 5) (5 -> -1) (6 -> 2) (7 -> 9) (8 -> 1) (9 -> 0) (10 -> -1) 
8 0 0 0 2
EXCEPT=3 FAIL0=0 FAIL1=0 FAIL2=0 SIZE=8 
