true 23538
(0 -> 8) (1 -> 9) (2 -> -1) (3 -> -1) (4 -> 0) (5 -> 11) (6 -> 12) (7 -> -1) (8 -> 13) (9 -> 1) (10 -> 2) (11 -> -1) (12 -> -1) (13 -> 7) (14 -> 3) (15 -> 4) (16 -> -1) (17 -> 16) (18 -> 17) (19 -> 14) (20 -> 15) (21 -> -1) (22 -> 10) (23 -> 5) (24 -> 18) 
1034 0 0 0 0 0 0 0 1024
EXCEPT=7 FAIL0=0 FAIL1=0 FAIL2=0 FAIL3=0 FAIL4=0 FAIL5=0 FAIL6=0 SIZE=18 
