true 1846
(0 -> 8) (1 -> 9) (2 -> -1) (3 -> -1) (4 -> 12) (5 -> -1) (6 -> 17) (7 -> 13) (8 -> 11) (9 -> 16) (10 -> -1) (11 -> -1) (12 -> 15) (13 -> 7) (14 -> 0) (15 -> 2) (16 -> 1) (17 -> -1) 
106 0 0 0 2 11 60 2
EXCEPT=6 FAIL0=0 FAIL1=0 FAIL2=0 FAIL3=2 FAIL4=11 FAIL5=60 SIZE=12 
