true 1328
(0 -> 17) (1 -> -1) (2 -> 16) (3 -> -1) (4 -> 2) (5 -> 5) (6 -> -1) (7 -> 1) (8 -> 0) (9 -> -1) (10 -> 9) (11 -> 3) (12 -> 4) (13 -> -1) (14 -> 10) (15 -> 8) (16 -> 13) (17 -> 11) (18 -> -1) 
100 0 0 0 1 8 44 4
EXCEPT=6 FAIL0=0 FAIL1=0 FAIL2=0 FAIL3=1 FAIL4=8 FAIL5=44 SIZE=13 
