true 9
(0 -> 6) (1 -> 3) (2 -> 4) (3 -> 0) (4 -> -1) (5 -> 2) (6 -> 1) 
4 0 0
EXCEPT=1 FAIL0=0 SIZE=6 
