true 4
(0 -> 4) (1 -> 3) (2 -> 0) (3 -> 2) (4 -> 1) (5 -> 6) (6 -> 5) 
0 0
EXCEPT=0 SIZE=7 
