true 11
(0 -> -1) (1 -> 1) (2 -> 3) (3 -> 0) (4 -> 4) (5 -> -1) (6 -> 5) 
13 0 0 0
EXCEPT=2 FAIL0=0 FAIL1=0 SIZE=5 
