true 8
(0 -> -1) (1 -> -1) (2 -> 1) (3 -> 6) (4 -> 3) 
31 0 15 0
EXCEPT=2 FAIL0=0 FAIL1=15 SIZE=3 
