true 8
(0 -> -1) (1 -> 3) (2 -> 5) (3 -> 6) (4 -> 4) (5 -> -1) (6 -> -1) (7 -> 2) (8 -> 0) (9 -> 1) 
1 0 0 0 0
EXCEPT=3 FAIL0=0 FAIL1=0 FAIL2=0 SIZE=7 
