true 10
(0 -> 6) (1 -> 3) (2 -> 2) (3 -> -1) (4 -> 0) (5 -> 4) (6 -> 1) 
0 0 0
EXCEPT=1 FAIL0=0 SIZE=6 
