true 5
(0 -> 0) (1 -> 1) (2 -> 6) (3 -> -1) (4 -> 3) 
5 0 0
EXCEPT=1 FAIL0=0 SIZE=4 
