true 6
(0 -> 1) (1 -> -1) (2 -> 5) (3 -> -1) (4 -> 2) (5 -> 6) (6 -> 3) (7 -> 0) (8 -> 4) 
10 0 0 0
EXCEPT=2 FAIL0=0 FAIL1=0 SIZE=7 
