true 8
(0 -> 6) (1 -> -1) (2 -> -1) (3 -> -1) (4 -> 5) (5 -> 2) (6 -> 0) (7 -> 3) (8 -> 4) (9 -> -1) (10 -> 1) 
12 0 0 0 0 2
EXCEPT=4 FAIL0=0 FAIL1=0 FAIL2=0 FAIL3=0 SIZE=7 
