true 9
(0 -> 6) (1 -> 1) (2 -> 4) (3 -> 3) (4 -> 5) (5 -> -1) (6 -> 0) 
27 0 0
EXCEPT=1 FAIL0=0 SIZE=6 
