true 176
(0 -> -1) (1 -> 1) (2 -> 3) (3 -> -1) (4 -> -1) (5 -> 7) (6 -> 4) (7 -> 5) (8 -> 0) (9 -> -1) 
64 0 0 6 5 0
EXCEPT=4 FAIL0=0 FAIL1=0 FAIL2=6 FAIL3=5 SIZE=6 
