true 10
(0 -> 2) (1 -> 4) (2 -> 0) (3 -> 3) (4 -> 6) (5 -> -1) (6 -> 7) 
6 0 0
EXCEPT=1 FAIL0=0 SIZE=6 
