true 9
(0 -> -1) (1 -> 1) (2 -> 2) (3 -> 0) (4 -> 7) (5 -> 5) (6 -> 4) 
7 0 0
EXCEPT=1 FAIL0=0 SIZE=6 
