true 8
(0 -> -1) (1 -> 1) (2 -> 5) (3 -> 0) (4 -> 7) (5 -> 2) 
1 0 0
EXCEPT=1 FAIL0=0 SIZE=5 
