true 10
(0 -> 2) (1 -> 1) (2 -> 4) (3 -> 5) (4 -> -1) (5 -> 7) 
7 0 0
EXCEPT=1 FAIL0=0 SIZE=5 
