true 5
(0 -> 5) (1 -> 4) (2 -> -1) (3 -> 7) (4 -> 3) (5 -> 6) 
37 0 0
EXCEPT=1 FAIL0=0 SIZE=5 
