true 16
(0 -> 5) (1 -> 4) (2 -> 2) (3 -> -1) (4 -> 6) (5 -> 3) (6 -> 7) 
1 0 0
EXCEPT=1 FAIL0=0 SIZE=6 
