true 17
(0 -> 4) (1 -> 0) (2 -> 3) (3 -> 2) (4 -> -1) (5 -> 6) (6 -> 5) (7 -> 7) 
10 0 0
EXCEPT=1 FAIL0=0 SIZE=7 
