true 23
(0 -> 4) (1 -> 1) (2 -> 7) (3 -> 0) (4 -> 3) (5 -> 5) (6 -> -1) (7 -> -1) 
50 0 0 0
EXCEPT=2 FAIL0=0 FAIL1=0 SIZE=6 
