true 6
(0 -> 5) (1 -> 4) (2 -> 6) (3 -> 7) (4 -> -1) 
7 0 0
EXCEPT=1 FAIL0=0 SIZE=4 
