true 11
(0 -> 4) (1 -> 7) (2 -> 2) (3 -> 0) (4 -> 3) (5 -> -1) (6 -> 1) 
43 0 0
EXCEPT=1 FAIL0=0 SIZE=6 
