true 111
(0 -> -1) (1 -> 2) (2 -> 1) (3 -> 5) (4 -> 7) (5 -> 4) (6 -> -1) (7 -> -1) (8 -> 0) 
14 0 0 2 0
EXCEPT=3 FAIL0=0 FAIL1=0 FAIL2=2 SIZE=6 
