true 15
(0 -> 4) (1 -> 5) (2 -> 7) (3 -> 6) (4 -> 2) (5 -> -1) (6 -> 0) 
12 0 0
EXCEPT=1 FAIL0=0 SIZE=6 
