true 162
(0 -> -1) (1 -> 4) (2 -> 6) (3 -> -1) (4 -> -1) (5 -> -1) (6 -> 5) (7 -> 0) (8 -> 7) (9 -> 2) 
43 0 0 0 5 0
EXCEPT=4 FAIL0=0 FAIL1=0 FAIL2=0 FAIL3=5 SIZE=6 
