true 1725
(0 -> -1) (1 -> 2) (2 -> -1) (3 -> -1) (4 -> 5) (5 -> 4) (6 -> -1) (7 -> -1) (8 -> -1) (9 -> 7) (10 -> -1) (11 -> 3) (12 -> -1) (13 -> 1) 
149 0 0 0 0 0 0 5 31 27
EXCEPT=8 FAIL0=0 FAIL1=0 FAIL2=0 FAIL3=0 FAIL4=0 FAIL5=0 FAIL6=5 FAIL7=31 SIZE=6 
