true 108
(0 -> 2) (1 -> -1) (2 -> 5) (3 -> 7) (4 -> 3) (5 -> 4) (6 -> -1) (7 -> 1) (8 -> -1) 
9 0 2 1 0
EXCEPT=3 FAIL0=0 FAIL1=2 FAIL2=1 SIZE=6 
