true 108
(0 -> 2) (1 -> -1) (2 -> 5) (3 -> 7) (4 -> 3) (5 -> 4) (6 -> -1) (7 -> 1) (8 -> -1) 
19 0 0 1 2
EXCEPT=3 FAIL0=0 FAIL1=0 FAIL2=1 SIZE=6 
