true 73
(0 -> 7) (1 -> -1) (2 -> 6) (3 -> 0) (4 -> 3) (5 -> 2) (6 -> 4) (7 -> -1) (8 -> 5) 
3 0 0 0
EXCEPT=2 FAIL0=0 FAIL1=0 SIZE=7 
