true 16
(0 -> 6) (1 -> 4) (2 -> 0) (3 -> 3) (4 -> -1) (5 -> 5) (6 -> 2) 
5 0 0
EXCEPT=1 FAIL0=0 SIZE=6 
