true 92
(0 -> 3) (1 -> -1) (2 -> 2) (3 -> 7) (4 -> -1) (5 -> -1) (6 -> 5) (7 -> 6) (8 -> 4) 
39 0 0 0 0
EXCEPT=3 FAIL0=0 FAIL1=0 FAIL2=0 SIZE=6 
