true 8
(0 -> 4) (1 -> 1) (2 -> 7) (3 -> -1) (4 -> 5) (5 -> 2) (6 -> 3) (7 -> 0) 
3 1 0
EXCEPT=1 FAIL0=1 SIZE=7 
