true 21
(0 -> -1) (1 -> -1) (2 -> 6) (3 -> -1) (4 -> 1) (5 -> 3) (6 -> 5) (7 -> 2) (8 -> 0) (9 -> 4) 
12 0 0 0 0
EXCEPT=3 FAIL0=0 FAIL1=0 FAIL2=0 SIZE=7 
