true 16
(0 -> 1) (1 -> -1) (2 -> 5) (3 -> 3) (4 -> 2) (5 -> -1) (6 -> 0) 
8 0 0 0
EXCEPT=2 FAIL0=0 FAIL1=0 SIZE=5 
