true 8
(0 -> -1) (1 -> 6) (2 -> 2) (3 -> 1) (4 -> 3) (5 -> 0) 
40 0 0
EXCEPT=1 FAIL0=0 SIZE=5 
