true 8
(0 -> -1) (1 -> 1) (2 -> 0) (3 -> 2) (4 -> 4) (5 -> 5) (6 -> 3) 
22 0 0
EXCEPT=1 FAIL0=0 SIZE=6 
