true 5
(0 -> 6) (1 -> 1) (2 -> 2) (3 -> 4) (4 -> 5) (5 -> 0) (6 -> 3) 
0 0
EXCEPT=0 SIZE=7 
