true 6
(0 -> 2) (1 -> -1) (2 -> 6) (3 -> 4) (4 -> 1) (5 -> 0) (6 -> 3) (7 -> 5) 
1 0 0
EXCEPT=1 FAIL0=0 SIZE=7 
