true 6
(0 -> -1) (1 -> 6) (2 -> 5) (3 -> 2) (4 -> 3) (5 -> 1) (6 -> 4) (7 -> -1) (8 -> 0) 
3 0 0 0
EXCEPT=2 FAIL0=0 FAIL1=0 SIZE=7 
