true 7
(0 -> 1) (1 -> 0) (2 -> 2) (3 -> 3) (4 -> 5) (5 -> 6) (6 -> -1) (7 -> -1) (8 -> 4) 
10 0 0 0
EXCEPT=2 FAIL0=0 FAIL1=0 SIZE=7 
