true 10
(0 -> 4) (1 -> 1) (2 -> 0) (3 -> -1) (4 -> 3) (5 -> 2) (6 -> 6) 
2 0 0
EXCEPT=1 FAIL0=0 SIZE=6 
