true 9
(0 -> 1) (1 -> 4) (2 -> -1) (3 -> 5) (4 -> 6) (5 -> 0) (6 -> 3) 
28 1 0
EXCEPT=1 FAIL0=1 SIZE=6 
