true 124
(0 -> 4) (1 -> 5) (2 -> 6) (3 -> 17) (4 -> -1) (5 -> 19) (6 -> 11) (7 -> 16) (8 -> 7) (9 -> -1) (10 -> 14) (11 -> 12) (12 -> 8) (13 -> 15) (14 -> 2) (15 -> 9) 
7 0 1 0
EXCEPT=2 FAIL0=0 FAIL1=1 SIZE=14 
