true 31
(0 -> 6) (1 -> 4) (2 -> 3) (3 -> 8) (4 -> 17) (5 -> -1) (6 -> 9) (7 -> 12) (8 -> 11) (9 -> 15) 
14 0 0
EXCEPT=1 FAIL0=0 SIZE=9 
