true 7
(0 -> 0) (1 -> 18) (2 -> 5) (3 -> -1) (4 -> 6) (5 -> 19) (6 -> 1) 
1 0 0
EXCEPT=1 FAIL0=0 SIZE=6 
