true 8
(0 -> 18) (1 -> 11) (2 -> 6) (3 -> 8) (4 -> -1) (5 -> 0) 
2 0 0
EXCEPT=1 FAIL0=0 SIZE=5 
