true 69
(0 -> 1) (1 -> -1) (2 -> 7) (3 -> 4) (4 -> 15) (5 -> -1) (6 -> 3) (7 -> 0) (8 -> 9) (9 -> 2) (10 -> 5) (11 -> 10) (12 -> 18) (13 -> 8) (14 -> 12) 
6 0 1 0
EXCEPT=2 FAIL0=0 FAIL1=1 SIZE=13 
