true 10
(0 -> -1) (1 -> 18) (2 -> 2) (3 -> 1) (4 -> 5) (5 -> 9) (6 -> 17) (7 -> 0) (8 -> 4) (9 -> 3) (10 -> 7) 
21 0 0
EXCEPT=1 FAIL0=0 SIZE=10 
