true 49
(0 -> 7) (1 -> 17) (2 -> -1) (3 -> 2) (4 -> 3) (5 -> 9) (6 -> 4) (7 -> 0) (8 -> 18) 
29 0 0
EXCEPT=1 FAIL0=0 SIZE=8 
