true 699
(0 -> -1) (1 -> 15) (2 -> 13) (3 -> 19) (4 -> 16) (5 -> 4) (6 -> 17) (7 -> 2) (8 -> -1) (9 -> 12) (10 -> 11) (11 -> 14) (12 -> 0) (13 -> 7) (14 -> 1) (15 -> 10) (16 -> 6) (17 -> 18) (18 -> 8) 
61 0 16 10
EXCEPT=2 FAIL0=0 FAIL1=16 SIZE=17 
