true 17
(0 -> 9) (1 -> 4) (2 -> 8) (3 -> 0) (4 -> -1) (5 -> 6) (6 -> 3) (7 -> 11) (8 -> 12) (9 -> 18) (10 -> 15) 
9 0 0
EXCEPT=1 FAIL0=0 SIZE=10 
