true 27
(0 -> 6) (1 -> 7) (2 -> 8) (3 -> 0) (4 -> 2) (5 -> -1) (6 -> 11) (7 -> 4) (8 -> 18) 
15 0 0
EXCEPT=1 FAIL0=0 SIZE=8 
