true 9
(0 -> 0) (1 -> -1) (2 -> -1) (3 -> 16) (4 -> 11) (5 -> 8) (6 -> 9) 
2 0 0 0
EXCEPT=2 FAIL0=0 FAIL1=0 SIZE=5 
