true 1345
(0 -> 2) (1 -> -1) (2 -> 8) (3 -> -1) (4 -> -1) (5 -> 18) (6 -> 11) (7 -> 6) (8 -> 4) (9 -> 7) (10 -> 10) (11 -> 17) (12 -> 0) (13 -> -1) (14 -> 1) 
74 0 0 1 16 16
EXCEPT=4 FAIL0=0 FAIL1=0 FAIL2=1 FAIL3=16 SIZE=11 
