true 21
(0 -> 4) (1 -> 11) (2 -> 0) (3 -> 6) (4 -> 9) (5 -> -1) (6 -> 2) (7 -> 18) (8 -> 3) (9 -> 7) 
2 0 0
EXCEPT=1 FAIL0=0 SIZE=9 
