true 918
(0 -> 17) (1 -> 7) (2 -> 1) (3 -> 11) (4 -> 15) (5 -> -1) (6 -> 0) (7 -> 12) (8 -> 3) (9 -> 4) (10 -> 9) (11 -> 5) (12 -> 8) (13 -> 14) (14 -> 2) (15 -> 6) (16 -> 13) (17 -> 16) (18 -> -1) (19 -> 18) (20 -> 19) 
63 0 18 13
EXCEPT=2 FAIL0=0 FAIL1=18 SIZE=19 
