true 17
(0 -> 11) (1 -> 1) (2 -> 8) (3 -> 14) (4 -> 6) (5 -> 12) (6 -> -1) (7 -> 5) (8 -> 15) (9 -> 19) (10 -> 10) 
4 0 0
EXCEPT=1 FAIL0=0 SIZE=10 
