true 44
(0 -> 2) (1 -> 3) (2 -> 7) (3 -> 19) (4 -> 4) (5 -> 12) (6 -> -1) (7 -> 1) (8 -> 14) (9 -> 15) (10 -> 5) 
34 0 0
EXCEPT=1 FAIL0=0 SIZE=10 
