true 14
(0 -> 6) (1 -> 4) (2 -> -1) (3 -> 9) (4 -> 15) (5 -> 11) (6 -> 12) (7 -> 3) (8 -> 8) 
11 0 0
EXCEPT=1 FAIL0=0 SIZE=8 
