true 84
(0 -> 17) (1 -> 6) (2 -> 16) (3 -> 2) (4 -> 0) (5 -> 11) (6 -> 7) (7 -> 4) (8 -> -1) (9 -> 8) (10 -> 9) 
2 0 1
EXCEPT=1 FAIL0=0 SIZE=10 
