true 18
(0 -> 17) (1 -> 0) (2 -> 18) (3 -> -1) (4 -> 4) (5 -> 1) (6 -> 6) (7 -> 8) (8 -> 2) (9 -> 16) (10 -> 11) (11 -> 9) 
18 0 0
EXCEPT=1 FAIL0=0 SIZE=11 
