true 6
(0 -> 11) (1 -> 16) (2 -> 8) (3 -> 6) (4 -> 3) (5 -> 12) (6 -> 9) (7 -> 15) 
2 0
EXCEPT=0 SIZE=8 
