true 208
(0 -> 4) (1 -> 6) (2 -> 5) (3 -> 16) (4 -> 8) (5 -> 1) (6 -> 3) (7 -> 15) (8 -> 9) (9 -> 14) (10 -> 17) (11 -> -1) (12 -> 12) (13 -> 19) (14 -> 11) 
30 0 4
EXCEPT=1 FAIL0=0 SIZE=14 
