true 53
(0 -> 6) (1 -> 4) (2 -> 8) (3 -> -1) (4 -> 11) (5 -> 17) (6 -> 2) (7 -> 9) 
3 0 0
EXCEPT=1 FAIL0=0 SIZE=7 
