true 9
(0 -> -1) (1 -> 1) (2 -> 9) (3 -> 3) (4 -> 14) (5 -> 5) (6 -> 10) (7 -> 12) (8 -> 18) (9 -> 0) (10 -> 15) 
28 0 0
EXCEPT=1 FAIL0=0 SIZE=10 
