true 24
(0 -> 6) (1 -> 0) (2 -> -1) (3 -> 12) (4 -> 14) (5 -> 15) (6 -> 9) (7 -> 11) (8 -> 8) (9 -> 16) (10 -> 3) (11 -> 1) 
1 0 0
EXCEPT=1 FAIL0=0 SIZE=11 
