true 19
(0 -> 7) (1 -> -1) (2 -> 17) (3 -> 9) (4 -> 2) (5 -> 0) (6 -> 11) (7 -> 6) (8 -> 4) (9 -> 15) (10 -> 3) (11 -> 18) 
3 0 0
EXCEPT=1 FAIL0=0 SIZE=11 
