true 19
(0 -> 6) (1 -> 0) (2 -> -1) (3 -> -1) (4 -> 12) (5 -> 7) (6 -> 10) (7 -> 1) (8 -> 3) (9 -> -1) (10 -> 19) (11 -> 16) (12 -> 18) (13 -> -1) (14 -> 5) (15 -> 13) (16 -> 11) (17 -> -1) (18 -> 17) (19 -> 15) (20 -> -1) (21 -> 8) (22 -> 4) (23 -> 14) (24 -> 2) (25 -> 9) 
96 0 0 0 0 0 0 0
EXCEPT=6 FAIL0=0 FAIL1=0 FAIL2=0 FAIL3=0 FAIL4=0 FAIL5=0 SIZE=20 
