true 333
(0 -> -1) (1 -> 2) (2 -> 18) (3 -> -1) (4 -> 6) (5 -> 9) (6 -> 10) (7 -> 11) (8 -> 5) (9 -> 17) (10 -> 12) (11 -> 14) (12 -> 0) (13 -> 3) (14 -> 7) (15 -> 1) (16 -> 4) 
46 0 17 0
EXCEPT=2 FAIL0=0 FAIL1=17 SIZE=15 
