true 19
(0 -> 18) (1 -> 17) (2 -> 14) (3 -> 11) (4 -> 0) (5 -> 6) (6 -> 2) (7 -> 8) (8 -> -1) (9 -> 12) (10 -> 4) (11 -> 3) (12 -> 10) (13 -> 9) (14 -> 15) 
13 0 0
EXCEPT=1 FAIL0=0 SIZE=14 
