true 13
(0 -> -1) (1 -> 0) (2 -> 11) (3 -> 6) (4 -> 8) (5 -> 2) (6 -> 4) (7 -> 7) (8 -> 9) (9 -> 3) (10 -> 15) (11 -> 16) 
3 0 0
EXCEPT=1 FAIL0=0 SIZE=11 
