,a,b,c,d,e,f,g,h,i,j,k,l,m,n,o,p,q,r,s,t,u,v,w,x,y,z,A,B,C,D,E,F,G,H,I,J,K,L,M,N,O,P,Q,R,S,T,U,V,W,X,Y,Z
a,1.0,0.5714285714285714,0.5714285714285714,0.5714285714285714,0.5714285714285714,0.625,0.8571428571428571,0.7142857142857143,0.42857142857142855,0.5714285714285714,0.7142857142857143,0.42857142857142855,0.7142857142857143,0.7142857142857143,0.14285714285714285,0.7142857142857143,0.5714285714285714,0.75,0.5714285714285714,0.7142857142857143,0.5714285714285714,0.8571428571428571,0.5,0.5454545454545454,0.7,0.7142857142857143,0.5454545454545454,0.5714285714285714,0.5714285714285714,0.2857142857142857,0.7142857142857143,0.5714285714285714,0.7142857142857143,0.7142857142857143,0.42857142857142855,0.5714285714285714,0.6,0.5714285714285714,0.5454545454545454,0.6,0.14285714285714285,0.42857142857142855,0.5714285714285714,0.8571428571428571,0.5714285714285714,0.5714285714285714,0.2857142857142857,0.6666666666666666,0.35294117647058826,0.6666666666666666,0.6666666666666666,0.7142857142857143
b,0.5714285714285714,1.0,0.6666666666666666,1.0,0.6,0.5,0.5714285714285714,0.6,0.6,0.6,0.5714285714285714,0.6,0.5714285714285714,0.8,0.2,1.0,1.0,0.5,0.6666666666666666,0.6666666666666666,0.6,0.5714285714285714,0.3333333333333333,0.36363636363636365,0.4,0.5714285714285714,0.36363636363636365,0.5,0.6666666666666666,0.4,0.5714285714285714,0.6666666666666666,0.5714285714285714,0.5714285714285714,0.6,0.6,0.4,0.6,0.36363636363636365,0.4,0.2,0.6,0.6,0.5714285714285714,0.6666666666666666,0.6,0.4,0.4444444444444444,0.23529411764705882,0.4444444444444444,0.4444444444444444,0.5714285714285714
c,0.5714285714285714,0.6666666666666666,1.0,0.6666666666666666,0.6666666666666666,0.75,0.7142857142857143,0.8333333333333334,0.5,0.5,0.7142857142857143,0.5,0.7142857142857143,0.6666666666666666,0.16666666666666666,0.6666666666666666,0.6666666666666666,0.625,1.0,0.6666666666666666,0.6666666666666666,0.5714285714285714,0.4166666666666667,0.45454545454545453,0.5,0.7142857142857143,0.45454545454545453,0.6666666666666666,1.0,0.3333333333333333,0.7142857142857143,0.6666666666666666,0.8571428571428571,0.7142857142857143,0.5,0.5,0.5,0.5,0.45454545454545453,0.5,0.16666666666666666,0.5,0.6666666666666666,0.5714285714285714,1.0,0.8333333333333334,0.5,0.5555555555555556,0.29411764705882354,0.5555555555555556,0.5555555555555556,0.7142857142857143
d,0.5714285714285714,1.0,0.6666666666666666,1.0,0.6,0.5,0.5714285714285714,0.6,0.6,0.6,0.5714285714285714,0.6,0.5714285714285714,0.6,0.2,1.0,1.0,0.5,0.6666666666666666,0.6666666666666666,0.6,0.5714285714285714,0.3333333333333333,0.36363636363636365,0.4,0.5714285714285714,0.36363636363636365,0.5,0.6666666666666666,0.4,0.7142857142857143,0.6666666666666666,0.5714285714285714,0.5714285714285714,0.6,0.6,0.5,0.6,0.36363636363636365,0.4,0.2,0.6,0.6,0.5714285714285714,0.6666666666666666,0.6,0.4,0.4444444444444444,0.23529411764705882,0.4444444444444444,0.4444444444444444,0.5714285714285714
e,0.5714285714285714,0.6,0.6666666666666666,0.6,1.0,0.5,0.5714285714285714,0.8,0.6,0.6,0.5714285714285714,0.6,0.5714285714285714,0.8,0.2,0.6,0.6,0.5,0.6666666666666666,0.6666666666666666,0.6,0.5714285714285714,0.3333333333333333,0.36363636363636365,0.4,0.7142857142857143,0.36363636363636365,0.6666666666666666,0.6666666666666666,0.6,0.5714285714285714,0.6666666666666666,0.5714285714285714,0.5714285714285714,0.6,0.8,0.4,0.8,0.36363636363636365,0.4,0.2,0.6,0.6,0.5714285714285714,0.6666666666666666,0.8,0.4,0.4444444444444444,0.23529411764705882,0.4444444444444444,0.4444444444444444,0.5714285714285714
f,0.625,0.5,0.75,0.5,0.5,1.0,0.625,0.5,0.375,0.375,0.625,0.375,0.625,0.5,0.125,0.5,0.5,0.75,0.75,0.5,0.625,0.625,0.5833333333333334,0.6363636363636364,0.6,0.625,0.5454545454545454,0.5,0.75,0.25,0.75,0.625,0.75,0.625,0.375,0.375,0.6,0.375,0.6363636363636364,0.6,0.125,0.375,0.5,0.625,0.75,0.5,0.375,0.6666666666666666,0.4117647058823529,0.6666666666666666,0.6666666666666666,0.625
g,0.7142857142857143,0.5714285714285714,0.7142857142857143,0.5714285714285714,0.5714285714285714,0.625,1.0,0.5714285714285714,0.42857142857142855,0.42857142857142855,0.7142857142857143,0.42857142857142855,0.7142857142857143,0.5714285714285714,0.14285714285714285,0.5714285714285714,0.5714285714285714,0.625,0.7142857142857143,0.7142857142857143,0.5714285714285714,0.7142857142857143,0.4166666666666667,0.45454545454545453,0.5,0.7142857142857143,0.45454545454545453,0.5714285714285714,0.7142857142857143,0.42857142857142855,0.7142857142857143,0.7142857142857143,0.7142857142857143,0.7142857142857143,0.42857142857142855,0.42857142857142855,0.7,0.42857142857142855,0.45454545454545453,0.5,0.14285714285714285,0.42857142857142855,0.5714285714285714,0.7142857142857143,0.7142857142857143,0.5714285714285714,0.2857142857142857,0.5555555555555556,0.29411764705882354,0.5555555555555556,0.7777777777777778,0.7142857142857143
h,0.7142857142857143,0.6,0.6666666666666666,0.6,1.0,0.5,0.5714285714285714,1.0,0.6,0.8,0.5714285714285714,0.6,0.5714285714285714,1.0,0.2,0.6,0.6,0.5,0.6666666666666666,0.6666666666666666,0.8,0.5714285714285714,0.3333333333333333,0.36363636363636365,0.4,0.5714285714285714,0.36363636363636365,0.6666666666666666,0.6666666666666666,0.4,0.5714285714285714,0.6666666666666666,0.5714285714285714,0.5714285714285714,0.6,0.8,0.4,0.8,0.36363636363636365,0.4,0.2,0.6,0.6,0.5714285714285714,0.6666666666666666,0.8,0.4,0.4444444444444444,0.23529411764705882,0.4444444444444444,0.4444444444444444,0.5714285714285714
i,0.42857142857142855,0.6,0.5,0.6,0.6,0.375,0.42857142857142855,0.6,1.0,1.0,0.42857142857142855,0.6,0.42857142857142855,0.6,0.2,0.6,0.6,0.375,0.5,0.5,0.6,0.42857142857142855,0.25,0.2727272727272727,0.3,0.42857142857142855,0.2727272727272727,0.5,0.5,0.4,0.5714285714285714,0.5,0.42857142857142855,0.42857142857142855,0.6,0.6,0.3,0.6,0.2727272727272727,0.3,0.2,0.6,0.6,0.42857142857142855,0.5,0.6,0.6,0.3333333333333333,0.17647058823529413,0.3333333333333333,0.3333333333333333,0.42857142857142855
j,0.42857142857142855,0.6,0.5,0.6,0.6,0.375,0.42857142857142855,0.6,1.0,1.0,0.42857142857142855,0.6,0.42857142857142855,0.6,0.2,0.6,0.6,0.375,0.6666666666666666,0.5,0.6,0.5714285714285714,0.25,0.2727272727272727,0.3,0.42857142857142855,0.2727272727272727,0.5,0.5,0.4,0.42857142857142855,0.6666666666666666,0.42857142857142855,0.42857142857142855,0.6,0.6,0.3,0.6,0.2727272727272727,0.3,0.2,0.6,0.6,0.42857142857142855,0.5,0.6,0.6,0.3333333333333333,0.17647058823529413,0.3333333333333333,0.3333333333333333,0.42857142857142855
k,0.7142857142857143,0.5714285714285714,0.7142857142857143,0.5714285714285714,0.5714285714285714,0.625,0.7142857142857143,0.5714285714285714,0.42857142857142855,0.42857142857142855,1.0,0.42857142857142855,0.8571428571428571,0.5714285714285714,0.14285714285714285,0.5714285714285714,0.5714285714285714,0.75,0.7142857142857143,0.7142857142857143,0.5714285714285714,0.7142857142857143,0.5,0.5454545454545454,0.6,1.0,0.5454545454545454,0.5714285714285714,0.7142857142857143,0.2857142857142857,0.8571428571428571,0.7142857142857143,0.7142857142857143,1.0,0.42857142857142855,0.5714285714285714,0.6,0.5714285714285714,0.5454545454545454,0.6,0.14285714285714285,0.42857142857142855,0.5714285714285714,0.7142857142857143,0.7142857142857143,0.7142857142857143,0.2857142857142857,0.6666666666666666,0.35294117647058826,0.6666666666666666,0.6666666666666666,1.0
l,0.42857142857142855,0.6,0.5,0.6,0.6,0.375,0.42857142857142855,0.6,0.6,0.6,0.42857142857142855,1.0,0.42857142857142855,0.6,0.3333333333333333,0.6,0.6,0.375,0.5,0.5,0.4,0.42857142857142855,0.25,0.2727272727272727,0.3,0.42857142857142855,0.2727272727272727,0.5,0.5,0.6666666666666666,0.42857142857142855,0.5,0.42857142857142855,0.42857142857142855,1.0,0.75,0.3,0.75,0.2727272727272727,0.3,0.3333333333333333,0.5,0.4,0.42857142857142855,0.5,0.6,0.6666666666666666,0.3333333333333333,0.17647058823529413,0.3333333333333333,0.3333333333333333,0.42857142857142855
m,0.7142857142857143,0.5714285714285714,0.7142857142857143,0.5714285714285714,0.5714285714285714,0.75,0.7142857142857143,0.5714285714285714,0.42857142857142855,0.42857142857142855,0.8571428571428571,0.42857142857142855,1.0,0.5714285714285714,0.14285714285714285,0.5714285714285714,0.5714285714285714,0.75,0.7142857142857143,0.5714285714285714,0.5714285714285714,0.7142857142857143,0.5,0.5454545454545454,0.6,0.8571428571428571,0.5454545454545454,0.5714285714285714,0.7142857142857143,0.2857142857142857,0.8571428571428571,0.7142857142857143,0.7142857142857143,0.8571428571428571,0.42857142857142855,0.5714285714285714,0.6,0.5714285714285714,0.5454545454545454,0.6,0.14285714285714285,0.42857142857142855,0.5714285714285714,0.7142857142857143,0.7142857142857143,0.7142857142857143,0.2857142857142857,0.6666666666666666,0.35294117647058826,0.6666666666666666,0.6666666666666666,0.8571428571428571
n,0.7142857142857143,0.6,0.6666666666666666,0.6,0.8,0.5,0.5714285714285714,1.0,0.6,0.6,0.5714285714285714,0.6,0.5714285714285714,1.0,0.2,0.6,0.6,0.5,0.6666666666666666,0.6666666666666666,1.0,0.5714285714285714,0.3333333333333333,0.36363636363636365,0.4,0.5714285714285714,0.36363636363636365,0.6666666666666666,0.6666666666666666,0.4,0.5714285714285714,0.6666666666666666,0.5714285714285714,0.5714285714285714,0.6,0.8,0.4,0.8,0.36363636363636365,0.5,0.2,0.6,0.6,0.5714285714285714,0.6666666666666666,0.8,0.4,0.4444444444444444,0.23529411764705882,0.4444444444444444,0.4444444444444444,0.5714285714285714
o,0.14285714285714285,0.2,0.16666666666666666,0.2,0.2,0.125,0.14285714285714285,0.2,0.2,0.2,0.14285714285714285,0.3333333333333333,0.14285714285714285,0.2,1.0,0.2,0.2,0.125,0.16666666666666666,0.16666666666666666,0.2,0.14285714285714285,0.08333333333333333,0.09090909090909091,0.1,0.14285714285714285,0.09090909090909091,0.16666666666666666,0.16666666666666666,0.3333333333333333,0.14285714285714285,0.16666666666666666,0.14285714285714285,0.14285714285714285,0.3333333333333333,0.25,0.1,0.25,0.09090909090909091,0.1,1.0,0.25,0.4,0.14285714285714285,0.16666666666666666,0.2,0.3333333333333333,0.1111111111111111,0.058823529411764705,0.1111111111111111,0.1111111111111111,0.14285714285714285
p,0.5714285714285714,1.0,0.6666666666666666,1.0,0.6,0.5,0.5714285714285714,0.6,0.6,0.6,0.5714285714285714,0.6,0.5714285714285714,0.6,0.2,1.0,1.0,0.5,0.6666666666666666,0.6666666666666666,0.6,0.5714285714285714,0.3333333333333333,0.36363636363636365,0.4,0.5714285714285714,0.36363636363636365,0.5,0.6666666666666666,0.4,0.5714285714285714,0.6666666666666666,0.5714285714285714,0.5714285714285714,0.6,0.8,0.4,0.8,0.36363636363636365,0.4,0.2,0.6,0.6,0.5714285714285714,0.6666666666666666,0.6,0.6,0.4444444444444444,0.23529411764705882,0.4444444444444444,0.4444444444444444,0.5714285714285714
q,0.5714285714285714,1.0,0.6666666666666666,1.0,0.6,0.5,0.5714285714285714,0.6,0.6,0.6,0.5714285714285714,0.6,0.5714285714285714,0.6,0.2,1.0,1.0,0.5,0.6666666666666666,0.6666666666666666,0.6,0.5714285714285714,0.3333333333333333,0.36363636363636365,0.4,0.5714285714285714,0.36363636363636365,0.5,0.6666666666666666,0.4,0.5714285714285714,0.6666666666666666,0.5714285714285714,0.7142857142857143,0.6,0.6,0.4,0.6,0.36363636363636365,0.4,0.2,0.6,0.6,0.5714285714285714,0.6666666666666666,0.6,0.4,0.4444444444444444,0.23529411764705882,0.4444444444444444,0.4444444444444444,0.5714285714285714
r,0.75,0.5,0.625,0.5,0.5,0.75,0.625,0.5,0.375,0.375,0.75,0.375,0.75,0.5,0.125,0.5,0.5,1.0,0.625,0.625,0.5,0.75,0.5833333333333334,0.6363636363636364,0.7,0.75,0.6363636363636364,0.625,0.625,0.25,0.75,0.625,0.75,0.75,0.375,0.5,0.8,0.5,0.6363636363636364,0.8,0.125,0.375,0.5,0.75,0.625,0.625,0.25,0.7777777777777778,0.4117647058823529,0.7777777777777778,0.7777777777777778,0.75
s,0.5714285714285714,0.6666666666666666,1.0,0.6666666666666666,0.6666666666666666,0.75,0.7142857142857143,0.6666666666666666,0.5,0.5,0.7142857142857143,0.5,0.7142857142857143,0.6666666666666666,0.16666666666666666,0.6666666666666666,0.6666666666666666,0.625,1.0,0.6666666666666666,0.6666666666666666,0.5714285714285714,0.4166666666666667,0.45454545454545453,0.5,0.7142857142857143,0.45454545454545453,0.6666666666666666,1.0,0.3333333333333333,0.7142857142857143,0.6666666666666666,0.8571428571428571,0.7142857142857143,0.5,0.5,0.5,0.5,0.45454545454545453,0.5,0.16666666666666666,0.5,0.6666666666666666,0.5714285714285714,1.0,0.6666666666666666,0.5,0.5555555555555556,0.29411764705882354,0.5555555555555556,0.5555555555555556,0.7142857142857143
t,0.7142857142857143,0.6666666666666666,0.6666666666666666,0.6666666666666666,0.6666666666666666,0.5,0.7142857142857143,0.6666666666666666,0.5,0.5,0.7142857142857143,0.5,0.5714285714285714,0.6666666666666666,0.16666666666666666,0.6666666666666666,0.6666666666666666,0.625,0.6666666666666666,1.0,0.6666666666666666,0.7142857142857143,0.4166666666666667,0.45454545454545453,0.5,0.7142857142857143,0.45454545454545453,0.6666666666666666,0.6666666666666666,0.3333333333333333,0.7142857142857143,0.6666666666666666,0.7142857142857143,0.7142857142857143,0.5,0.5,0.5,0.5,0.45454545454545453,0.5,0.16666666666666666,0.5,0.6666666666666666,0.7142857142857143,0.6666666666666666,0.6666666666666666,0.3333333333333333,0.5555555555555556,0.29411764705882354,0.5555555555555556,0.6666666666666666,0.7142857142857143
u,0.5714285714285714,0.6,0.6666666666666666,0.6,0.6,0.625,0.5714285714285714,0.8,0.6,0.6,0.5714285714285714,0.4,0.5714285714285714,0.8,0.2,0.6,0.6,0.5,0.6666666666666666,0.6666666666666666,1.0,0.5714285714285714,0.3333333333333333,0.36363636363636365,0.4,0.5714285714285714,0.36363636363636365,0.6666666666666666,0.8333333333333334,0.4,0.5714285714285714,0.6666666666666666,0.5714285714285714,0.5714285714285714,0.4,0.6,0.4,0.6,0.36363636363636365,0.4,0.2,0.6,0.8,0.5714285714285714,0.6666666666666666,0.8,0.6,0.4444444444444444,0.23529411764705882,0.4444444444444444,0.4444444444444444,0.7142857142857143
v,0.8571428571428571,0.5714285714285714,0.5714285714285714,0.5714285714285714,0.5714285714285714,0.625,0.7142857142857143,0.5714285714285714,0.42857142857142855,0.5714285714285714,0.7142857142857143,0.42857142857142855,0.7142857142857143,0.5714285714285714,0.14285714285714285,0.5714285714285714,0.5714285714285714,0.75,0.5714285714285714,0.7142857142857143,0.5714285714285714,1.0,0.5833333333333334,0.6363636363636364,0.7,0.7142857142857143,0.6363636363636364,0.7142857142857143,0.5714285714285714,0.2857142857142857,0.7142857142857143,0.7142857142857143,0.7142857142857143,0.7142857142857143,0.42857142857142855,0.5714285714285714,0.7,0.5714285714285714,0.6363636363636364,0.7,0.14285714285714285,0.42857142857142855,0.5714285714285714,0.8571428571428571,0.5714285714285714,0.5714285714285714,0.2857142857142857,0.7777777777777778,0.4117647058823529,0.7777777777777778,0.7777777777777778,0.7142857142857143
w,0.5833333333333334,0.3333333333333333,0.4166666666666667,0.3333333333333333,0.3333333333333333,0.5833333333333334,0.4166666666666667,0.3333333333333333,0.25,0.25,0.5,0.25,0.5,0.3333333333333333,0.08333333333333333,0.3333333333333333,0.3333333333333333,0.5833333333333334,0.4166666666666667,0.4166666666666667,0.3333333333333333,0.5833333333333334,1.0,0.75,0.75,0.5,0.75,0.3333333333333333,0.4166666666666667,0.16666666666666666,0.5,0.4166666666666667,0.5,0.5,0.25,0.3333333333333333,0.75,0.3333333333333333,0.8333333333333334,0.75,0.08333333333333333,0.25,0.3333333333333333,0.5,0.4166666666666667,0.3333333333333333,0.16666666666666666,0.6666666666666666,0.6470588235294118,0.6666666666666666,0.75,0.5
x,0.5454545454545454,0.36363636363636365,0.45454545454545453,0.36363636363636365,0.36363636363636365,0.6363636363636364,0.45454545454545453,0.36363636363636365,0.2727272727272727,0.2727272727272727,0.5454545454545454,0.2727272727272727,0.5454545454545454,0.36363636363636365,0.09090909090909091,0.36363636363636365,0.36363636363636365,0.6363636363636364,0.45454545454545453,0.45454545454545453,0.36363636363636365,0.6363636363636364,0.75,1.0,0.8181818181818182,0.5454545454545454,0.8181818181818182,0.36363636363636365,0.45454545454545453,0.18181818181818182,0.5454545454545454,0.45454545454545453,0.5454545454545454,0.6363636363636364,0.2727272727272727,0.36363636363636365,0.8181818181818182,0.36363636363636365,0.8181818181818182,0.8181818181818182,0.09090909090909091,0.36363636363636365,0.36363636363636365,0.5454545454545454,0.45454545454545453,0.36363636363636365,0.18181818181818182,0.7272727272727273,0.5882352941176471,0.8181818181818182,0.7272727272727273,0.5454545454545454
y,0.6,0.4,0.5,0.4,0.4,0.6,0.5,0.4,0.3,0.3,0.6,0.3,0.6,0.4,0.1,0.4,0.4,0.7,0.5,0.5,0.4,0.7,0.75,0.8181818181818182,1.0,0.6,0.9090909090909091,0.5,0.5,0.2,0.6,0.5,0.6,0.6,0.3,0.4,0.9,0.4,0.8181818181818182,0.9,0.1,0.3,0.4,0.6,0.5,0.4,0.2,0.9,0.5294117647058824,0.8,0.9,0.6
z,0.7142857142857143,0.5714285714285714,0.7142857142857143,0.5714285714285714,0.5714285714285714,0.625,0.8571428571428571,0.5714285714285714,0.42857142857142855,0.42857142857142855,1.0,0.42857142857142855,0.8571428571428571,0.5714285714285714,0.14285714285714285,0.5714285714285714,0.5714285714285714,0.75,0.7142857142857143,0.7142857142857143,0.5714285714285714,0.7142857142857143,0.5,0.5454545454545454,0.6,1.0,0.5454545454545454,0.5714285714285714,0.7142857142857143,0.42857142857142855,0.8571428571428571,0.7142857142857143,0.7142857142857143,1.0,0.42857142857142855,0.5714285714285714,0.6,0.5714285714285714,0.5454545454545454,0.6,0.14285714285714285,0.42857142857142855,0.5714285714285714,0.7142857142857143,0.7142857142857143,0.7142857142857143,0.2857142857142857,0.6666666666666666,0.35294117647058826,0.6666666666666666,0.6666666666666666,1.0
A,0.5454545454545454,0.36363636363636365,0.45454545454545453,0.36363636363636365,0.36363636363636365,0.5454545454545454,0.45454545454545453,0.36363636363636365,0.2727272727272727,0.2727272727272727,0.5454545454545454,0.2727272727272727,0.5454545454545454,0.36363636363636365,0.09090909090909091,0.36363636363636365,0.36363636363636365,0.6363636363636364,0.45454545454545453,0.45454545454545453,0.36363636363636365,0.6363636363636364,0.75,0.8181818181818182,0.9090909090909091,0.5454545454545454,1.0,0.36363636363636365,0.45454545454545453,0.18181818181818182,0.5454545454545454,0.45454545454545453,0.5454545454545454,0.5454545454545454,0.2727272727272727,0.36363636363636365,0.8181818181818182,0.36363636363636365,0.8181818181818182,0.8181818181818182,0.09090909090909091,0.2727272727272727,0.36363636363636365,0.5454545454545454,0.45454545454545453,0.45454545454545453,0.18181818181818182,0.8181818181818182,0.5294117647058824,0.7272727272727273,0.8181818181818182,0.5454545454545454
B,0.5714285714285714,0.5,0.6666666666666666,0.5,0.6666666666666666,0.5,0.5714285714285714,0.6666666666666666,0.5,0.5,0.5714285714285714,0.5,0.5714285714285714,0.6666666666666666,0.16666666666666666,0.5,0.5,0.5,0.6666666666666666,0.6666666666666666,0.6666666666666666,0.7142857142857143,0.3333333333333333,0.36363636363636365,0.4,0.5714285714285714,0.36363636363636365,1.0,0.6666666666666666,0.3333333333333333,0.5714285714285714,0.6666666666666666,0.5714285714285714,0.5714285714285714,0.5,0.6666666666666666,0.5,0.6666666666666666,0.36363636363636365,0.4,0.16666666666666666,0.5,0.6666666666666666,0.5714285714285714,0.6666666666666666,0.6666666666666666,0.5,0.4444444444444444,0.23529411764705882,0.4444444444444444,0.4444444444444444,0.5714285714285714
C,0.5714285714285714,0.6666666666666666,1.0,0.6666666666666666,0.6666666666666666,0.75,0.7142857142857143,0.6666666666666666,0.5,0.5,0.7142857142857143,0.5,0.7142857142857143,0.6666666666666666,0.16666666666666666,0.6666666666666666,0.6666666666666666,0.625,1.0,0.6666666666666666,0.6666666666666666,0.5714285714285714,0.4166666666666667,0.45454545454545453,0.5,0.7142857142857143,0.45454545454545453,0.8333333333333334,1.0,0.3333333333333333,0.7142857142857143,0.6666666666666666,0.8571428571428571,0.7142857142857143,0.5,0.5,0.5,0.5,0.45454545454545453,0.5,0.16666666666666666,0.5,0.6666666666666666,0.5714285714285714,1.0,0.6666666666666666,0.5,0.5555555555555556,0.29411764705882354,0.5555555555555556,0.5555555555555556,0.7142857142857143
D,0.2857142857142857,0.4,0.5,0.4,0.6,0.375,0.2857142857142857,0.4,0.4,0.4,0.2857142857142857,0.6666666666666666,0.2857142857142857,0.4,0.3333333333333333,0.6,0.4,0.25,0.3333333333333333,0.3333333333333333,0.4,0.2857142857142857,0.16666666666666666,0.18181818181818182,0.2,0.2857142857142857,0.2727272727272727,0.3333333333333333,0.3333333333333333,1.0,0.2857142857142857,0.3333333333333333,0.2857142857142857,0.2857142857142857,0.6666666666666666,0.5,0.3,0.5,0.18181818181818182,0.2,0.3333333333333333,0.5,0.4,0.2857142857142857,0.3333333333333333,0.4,0.6666666666666666,0.2222222222222222,0.11764705882352941,0.2222222222222222,0.2222222222222222,0.2857142857142857
E,0.7142857142857143,0.5714285714285714,0.7142857142857143,0.7142857142857143,0.5714285714285714,0.625,0.8571428571428571,0.5714285714285714,0.42857142857142855,0.42857142857142855,0.8571428571428571,0.42857142857142855,1.0,0.5714285714285714,0.14285714285714285,0.5714285714285714,0.5714285714285714,0.75,0.7142857142857143,0.7142857142857143,0.5714285714285714,0.7142857142857143,0.5,0.5454545454545454,0.6,0.8571428571428571,0.5454545454545454,0.5714285714285714,0.7142857142857143,0.2857142857142857,1.0,0.8571428571428571,0.7142857142857143,0.8571428571428571,0.42857142857142855,0.5714285714285714,0.6,0.5714285714285714,0.5454545454545454,0.6,0.14285714285714285,0.42857142857142855,0.5714285714285714,0.7142857142857143,0.7142857142857143,0.7142857142857143,0.2857142857142857,0.6666666666666666,0.35294117647058826,0.6666666666666666,0.6666666666666666,0.8571428571428571
F,0.7142857142857143,0.6666666666666666,0.6666666666666666,0.6666666666666666,0.6666666666666666,0.625,0.7142857142857143,0.6666666666666666,0.5,0.5,0.7142857142857143,0.5,0.7142857142857143,0.6666666666666666,0.16666666666666666,0.6666666666666666,0.6666666666666666,0.625,0.6666666666666666,0.6666666666666666,0.6666666666666666,0.7142857142857143,0.4166666666666667,0.45454545454545453,0.5,0.7142857142857143,0.45454545454545453,0.6666666666666666,0.6666666666666666,0.3333333333333333,0.8571428571428571,1.0,0.7142857142857143,0.7142857142857143,0.5,0.6666666666666666,0.5,0.6666666666666666,0.45454545454545453,0.5,0.16666666666666666,0.5,0.6666666666666666,0.7142857142857143,0.6666666666666666,0.8333333333333334,0.3333333333333333,0.5555555555555556,0.29411764705882354,0.5555555555555556,0.5555555555555556,0.7142857142857143
G,0.7142857142857143,0.5714285714285714,0.8571428571428571,0.5714285714285714,0.5714285714285714,0.75,0.7142857142857143,0.5714285714285714,0.42857142857142855,0.42857142857142855,0.7142857142857143,0.42857142857142855,0.7142857142857143,0.5714285714285714,0.14285714285714285,0.5714285714285714,0.5714285714285714,0.75,0.8571428571428571,0.7142857142857143,0.5714285714285714,0.7142857142857143,0.5,0.5454545454545454,0.6,0.7142857142857143,0.5454545454545454,0.5714285714285714,0.8571428571428571,0.2857142857142857,0.7142857142857143,0.7142857142857143,1.0,0.7142857142857143,0.42857142857142855,0.42857142857142855,0.6,0.42857142857142855,0.5454545454545454,0.6,0.14285714285714285,0.42857142857142855,0.5714285714285714,0.7142857142857143,0.8571428571428571,0.5714285714285714,0.42857142857142855,0.6666666666666666,0.35294117647058826,0.6666666666666666,0.6666666666666666,0.7142857142857143
H,0.7142857142857143,0.5714285714285714,0.7142857142857143,0.5714285714285714,0.5714285714285714,0.625,0.7142857142857143,0.5714285714285714,0.42857142857142855,0.42857142857142855,1.0,0.42857142857142855,0.8571428571428571,0.5714285714285714,0.14285714285714285,0.5714285714285714,0.5714285714285714,0.75,0.7142857142857143,0.7142857142857143,0.5714285714285714,0.7142857142857143,0.5,0.5454545454545454,0.6,1.0,0.5454545454545454,0.5714285714285714,0.7142857142857143,0.2857142857142857,0.8571428571428571,0.7142857142857143,0.7142857142857143,1.0,0.42857142857142855,0.5714285714285714,0.6,0.5714285714285714,0.5454545454545454,0.6,0.14285714285714285,0.42857142857142855,0.5714285714285714,0.7142857142857143,0.7142857142857143,0.7142857142857143,0.2857142857142857,0.6666666666666666,0.35294117647058826,0.6666666666666666,0.6666666666666666,1.0
I,0.42857142857142855,0.6,0.5,0.6,0.6,0.375,0.42857142857142855,0.6,0.6,0.6,0.42857142857142855,1.0,0.42857142857142855,0.6,0.3333333333333333,0.6,0.6,0.375,0.5,0.5,0.4,0.42857142857142855,0.25,0.2727272727272727,0.3,0.42857142857142855,0.2727272727272727,0.5,0.5,0.6666666666666666,0.42857142857142855,0.5,0.42857142857142855,0.42857142857142855,1.0,0.75,0.3,0.75,0.2727272727272727,0.3,0.3333333333333333,0.5,0.4,0.42857142857142855,0.5,0.6,0.6666666666666666,0.3333333333333333,0.17647058823529413,0.3333333333333333,0.3333333333333333,0.42857142857142855
J,0.5714285714285714,0.6,0.5,0.6,0.8,0.375,0.42857142857142855,0.8,0.6,0.6,0.5714285714285714,0.75,0.5714285714285714,0.8,0.25,0.6,0.6,0.5,0.5,0.5,0.6,0.5714285714285714,0.3333333333333333,0.36363636363636365,0.4,0.5714285714285714,0.36363636363636365,0.6666666666666666,0.5,0.5,0.5714285714285714,0.6666666666666666,0.42857142857142855,0.5714285714285714,0.75,1.0,0.4,1.0,0.36363636363636365,0.4,0.25,0.75,0.6,0.5714285714285714,0.5,0.8,0.5,0.4444444444444444,0.23529411764705882,0.4444444444444444,0.4444444444444444,0.5714285714285714
K,0.6,0.4,0.5,0.4,0.4,0.6,0.5,0.4,0.3,0.3,0.6,0.3,0.6,0.4,0.1,0.4,0.4,0.8,0.5,0.5,0.4,0.7,0.75,0.8181818181818182,0.9,0.6,0.8181818181818182,0.4,0.5,0.2,0.6,0.5,0.6,0.6,0.3,0.4,1.0,0.4,0.7272727272727273,0.9,0.1,0.3,0.4,0.6,0.5,0.5,0.2,0.8,0.5294117647058824,0.8,0.8,0.6
L,0.5714285714285714,0.6,0.5,0.6,0.8,0.375,0.42857142857142855,0.8,0.6,0.6,0.5714285714285714,0.75,0.5714285714285714,0.8,0.25,0.6,0.6,0.5,0.5,0.5,0.6,0.5714285714285714,0.3333333333333333,0.36363636363636365,0.4,0.5714285714285714,0.36363636363636365,0.6666666666666666,0.5,0.5,0.5714285714285714,0.6666666666666666,0.42857142857142855,0.5714285714285714,0.75,1.0,0.4,1.0,0.36363636363636365,0.4,0.25,0.75,0.6,0.5714285714285714,0.5,0.8,0.5,0.4444444444444444,0.23529411764705882,0.4444444444444444,0.4444444444444444,0.5714285714285714
M,0.5454545454545454,0.36363636363636365,0.45454545454545453,0.36363636363636365,0.36363636363636365,0.6363636363636364,0.45454545454545453,0.36363636363636365,0.2727272727272727,0.2727272727272727,0.5454545454545454,0.2727272727272727,0.5454545454545454,0.36363636363636365,0.09090909090909091,0.36363636363636365,0.36363636363636365,0.6363636363636364,0.45454545454545453,0.45454545454545453,0.36363636363636365,0.6363636363636364,0.8333333333333334,0.8181818181818182,0.8181818181818182,0.5454545454545454,0.8181818181818182,0.36363636363636365,0.45454545454545453,0.18181818181818182,0.5454545454545454,0.45454545454545453,0.5454545454545454,0.5454545454545454,0.2727272727272727,0.36363636363636365,0.7272727272727273,0.36363636363636365,1.0,0.8181818181818182,0.09090909090909091,0.2727272727272727,0.36363636363636365,0.5454545454545454,0.45454545454545453,0.36363636363636365,0.18181818181818182,0.8181818181818182,0.5882352941176471,0.7272727272727273,0.8181818181818182,0.5454545454545454
N,0.6,0.4,0.5,0.4,0.5,0.6,0.5,0.4,0.3,0.3,0.6,0.3,0.6,0.4,0.1,0.4,0.4,0.8,0.5,0.5,0.4,0.7,0.75,0.8181818181818182,0.9,0.6,0.8181818181818182,0.4,0.5,0.2,0.6,0.5,0.6,0.6,0.3,0.4,0.9,0.4,0.8181818181818182,1.0,0.1,0.3,0.4,0.6,0.5,0.5,0.2,0.8,0.5294117647058824,0.8,0.8,0.6
O,0.14285714285714285,0.2,0.16666666666666666,0.2,0.2,0.125,0.14285714285714285,0.2,0.2,0.2,0.14285714285714285,0.3333333333333333,0.14285714285714285,0.2,1.0,0.2,0.2,0.125,0.16666666666666666,0.16666666666666666,0.2,0.14285714285714285,0.08333333333333333,0.09090909090909091,0.1,0.14285714285714285,0.09090909090909091,0.16666666666666666,0.16666666666666666,0.3333333333333333,0.14285714285714285,0.16666666666666666,0.14285714285714285,0.14285714285714285,0.3333333333333333,0.25,0.1,0.25,0.09090909090909091,0.1,1.0,0.25,0.4,0.14285714285714285,0.16666666666666666,0.2,0.3333333333333333,0.1111111111111111,0.058823529411764705,0.1111111111111111,0.1111111111111111,0.14285714285714285
P,0.42857142857142855,0.6,0.5,0.6,0.6,0.375,0.42857142857142855,0.6,0.6,0.6,0.42857142857142855,0.5,0.42857142857142855,0.6,0.25,0.6,0.6,0.375,0.5,0.5,0.6,0.42857142857142855,0.25,0.2727272727272727,0.3,0.42857142857142855,0.2727272727272727,0.5,0.5,0.5,0.42857142857142855,0.5,0.42857142857142855,0.42857142857142855,0.5,1.0,0.3,0.75,0.2727272727272727,0.3,0.25,1.0,0.6,0.42857142857142855,0.5,0.6,0.5,0.3333333333333333,0.17647058823529413,0.3333333333333333,0.3333333333333333,0.42857142857142855
Q,0.5714285714285714,0.6,0.6666666666666666,0.6,0.6,0.5,0.5714285714285714,0.6,0.6,0.6,0.5714285714285714,0.6,0.5714285714285714,0.6,0.4,0.8,0.6,0.5,0.6666666666666666,0.6666666666666666,0.8,0.5714285714285714,0.3333333333333333,0.36363636363636365,0.4,0.5714285714285714,0.36363636363636365,0.6666666666666666,0.6666666666666666,0.4,0.5714285714285714,0.6666666666666666,0.5714285714285714,0.5714285714285714,0.4,0.6,0.4,0.6,0.36363636363636365,0.4,0.4,0.6,1.0,0.5714285714285714,0.6666666666666666,0.8,0.4,0.4444444444444444,0.23529411764705882,0.4444444444444444,0.4444444444444444,0.5714285714285714
R,0.8571428571428571,0.5714285714285714,0.5714285714285714,0.5714285714285714,0.5714285714285714,0.625,0.7142857142857143,0.5714285714285714,0.42857142857142855,0.42857142857142855,0.7142857142857143,0.42857142857142855,0.7142857142857143,0.5714285714285714,0.14285714285714285,0.5714285714285714,0.5714285714285714,0.75,0.5714285714285714,0.7142857142857143,0.5714285714285714,0.8571428571428571,0.5,0.5454545454545454,0.6,0.7142857142857143,0.5454545454545454,0.5714285714285714,0.5714285714285714,0.2857142857142857,0.7142857142857143,0.7142857142857143,0.7142857142857143,0.7142857142857143,0.42857142857142855,0.5714285714285714,0.6,0.5714285714285714,0.5454545454545454,0.6,0.14285714285714285,0.42857142857142855,0.5714285714285714,1.0,0.5714285714285714,0.5714285714285714,0.42857142857142855,0.6666666666666666,0.35294117647058826,0.6666666666666666,0.6666666666666666,0.7142857142857143
S,0.5714285714285714,0.6666666666666666,1.0,0.6666666666666666,0.6666666666666666,0.75,0.7142857142857143,0.6666666666666666,0.5,0.5,0.7142857142857143,0.5,0.7142857142857143,0.8333333333333334,0.16666666666666666,0.6666666666666666,0.6666666666666666,0.625,1.0,0.6666666666666666,0.6666666666666666,0.5714285714285714,0.4166666666666667,0.45454545454545453,0.5,0.7142857142857143,0.45454545454545453,0.6666666666666666,1.0,0.3333333333333333,0.7142857142857143,0.6666666666666666,0.8571428571428571,0.7142857142857143,0.5,0.5,0.5,0.5,0.45454545454545453,0.5,0.16666666666666666,0.5,0.6666666666666666,0.5714285714285714,1.0,0.6666666666666666,0.5,0.5555555555555556,0.29411764705882354,0.5555555555555556,0.5555555555555556,0.7142857142857143
T,0.5714285714285714,0.6,0.6666666666666666,0.6,0.8,0.5,0.5714285714285714,0.8,0.6,0.6,0.7142857142857143,0.6,0.7142857142857143,0.8,0.2,0.6,0.6,0.625,0.6666666666666666,0.6666666666666666,0.8,0.5714285714285714,0.3333333333333333,0.36363636363636365,0.4,0.7142857142857143,0.45454545454545453,0.6666666666666666,0.6666666666666666,0.4,0.7142857142857143,0.8333333333333334,0.5714285714285714,0.7142857142857143,0.6,0.8,0.5,0.8,0.36363636363636365,0.5,0.2,0.6,0.8,0.5714285714285714,0.6666666666666666,1.0,0.4,0.4444444444444444,0.23529411764705882,0.4444444444444444,0.4444444444444444,0.7142857142857143
U,0.2857142857142857,0.4,0.5,0.4,0.4,0.375,0.2857142857142857,0.6,0.4,0.4,0.2857142857142857,0.6666666666666666,0.2857142857142857,0.6,0.3333333333333333,0.4,0.4,0.25,0.5,0.3333333333333333,0.6,0.2857142857142857,0.16666666666666666,0.2727272727272727,0.3,0.2857142857142857,0.2727272727272727,0.5,0.5,0.6666666666666666,0.2857142857142857,0.3333333333333333,0.42857142857142855,0.2857142857142857,0.6666666666666666,0.5,0.2,0.5,0.18181818181818182,0.2,0.3333333333333333,0.5,0.4,0.42857142857142855,0.5,0.4,1.0,0.2222222222222222,0.11764705882352941,0.2222222222222222,0.2222222222222222,0.2857142857142857
V,0.6666666666666666,0.4444444444444444,0.5555555555555556,0.4444444444444444,0.4444444444444444,0.6666666666666666,0.5555555555555556,0.4444444444444444,0.3333333333333333,0.3333333333333333,0.6666666666666666,0.3333333333333333,0.6666666666666666,0.4444444444444444,0.1111111111111111,0.4444444444444444,0.4444444444444444,0.7777777777777778,0.5555555555555556,0.5555555555555556,0.4444444444444444,0.7777777777777778,0.6666666666666666,0.7272727272727273,0.9,0.6666666666666666,0.8181818181818182,0.4444444444444444,0.5555555555555556,0.2222222222222222,0.6666666666666666,0.5555555555555556,0.6666666666666666,0.6666666666666666,0.3333333333333333,0.4444444444444444,0.8,0.4444444444444444,0.8181818181818182,0.8,0.1111111111111111,0.3333333333333333,0.4444444444444444,0.6666666666666666,0.5555555555555556,0.4444444444444444,0.2222222222222222,1.0,0.5294117647058824,0.8888888888888888,1.0,0.6666666666666666
W,0.35294117647058826,0.23529411764705882,0.29411764705882354,0.29411764705882354,0.23529411764705882,0.4117647058823529,0.29411764705882354,0.23529411764705882,0.23529411764705882,0.17647058823529413,0.35294117647058826,0.17647058823529413,0.35294117647058826,0.23529411764705882,0.058823529411764705,0.23529411764705882,0.23529411764705882,0.4117647058823529,0.29411764705882354,0.29411764705882354,0.23529411764705882,0.4117647058823529,0.6470588235294118,0.5882352941176471,0.5294117647058824,0.35294117647058826,0.5294117647058824,0.23529411764705882,0.29411764705882354,0.11764705882352941,0.35294117647058826,0.29411764705882354,0.35294117647058826,0.35294117647058826,0.17647058823529413,0.23529411764705882,0.5294117647058824,0.23529411764705882,0.5882352941176471,0.5294117647058824,0.058823529411764705,0.17647058823529413,0.23529411764705882,0.35294117647058826,0.29411764705882354,0.23529411764705882,0.11764705882352941,0.5294117647058824,1.0,0.47058823529411764,0.5294117647058824,0.35294117647058826
X,0.6666666666666666,0.4444444444444444,0.5555555555555556,0.5555555555555556,0.4444444444444444,0.6666666666666666,0.5555555555555556,0.4444444444444444,0.3333333333333333,0.3333333333333333,0.6666666666666666,0.3333333333333333,0.6666666666666666,0.5555555555555556,0.1111111111111111,0.4444444444444444,0.4444444444444444,0.7777777777777778,0.5555555555555556,0.5555555555555556,0.4444444444444444,0.7777777777777778,0.6666666666666666,0.8181818181818182,0.8,0.6666666666666666,0.7272727272727273,0.5555555555555556,0.5555555555555556,0.2222222222222222,0.6666666666666666,0.5555555555555556,0.6666666666666666,0.6666666666666666,0.3333333333333333,0.4444444444444444,0.8,0.4444444444444444,0.7272727272727273,0.8,0.1111111111111111,0.3333333333333333,0.4444444444444444,0.6666666666666666,0.5555555555555556,0.4444444444444444,0.2222222222222222,0.8888888888888888,0.47058823529411764,1.0,0.8888888888888888,0.6666666666666666
Y,0.6666666666666666,0.4444444444444444,0.5555555555555556,0.4444444444444444,0.4444444444444444,0.6666666666666666,0.5555555555555556,0.4444444444444444,0.3333333333333333,0.3333333333333333,0.6666666666666666,0.3333333333333333,0.6666666666666666,0.4444444444444444,0.1111111111111111,0.4444444444444444,0.4444444444444444,0.7777777777777778,0.5555555555555556,0.5555555555555556,0.4444444444444444,0.7777777777777778,0.6666666666666666,0.7272727272727273,0.9,0.6666666666666666,0.8181818181818182,0.4444444444444444,0.5555555555555556,0.2222222222222222,0.6666666666666666,0.5555555555555556,0.6666666666666666,0.6666666666666666,0.3333333333333333,0.4444444444444444,0.8,0.4444444444444444,0.8181818181818182,0.8,0.1111111111111111,0.3333333333333333,0.4444444444444444,0.6666666666666666,0.5555555555555556,0.4444444444444444,0.2222222222222222,1.0,0.5294117647058824,0.8888888888888888,1.0,0.6666666666666666
Z,0.8571428571428571,0.5714285714285714,0.7142857142857143,0.5714285714285714,0.5714285714285714,0.625,0.7142857142857143,0.5714285714285714,0.42857142857142855,0.42857142857142855,1.0,0.42857142857142855,0.8571428571428571,0.5714285714285714,0.14285714285714285,0.5714285714285714,0.5714285714285714,0.75,0.7142857142857143,0.7142857142857143,0.5714285714285714,0.7142857142857143,0.5,0.5454545454545454,0.6,1.0,0.5454545454545454,0.5714285714285714,0.7142857142857143,0.2857142857142857,1.0,0.7142857142857143,0.7142857142857143,1.0,0.42857142857142855,0.5714285714285714,0.6,0.5714285714285714,0.5454545454545454,0.6,0.14285714285714285,0.42857142857142855,0.5714285714285714,0.7142857142857143,0.7142857142857143,0.7142857142857143,0.2857142857142857,0.6666666666666666,0.35294117647058826,0.6666666666666666,0.6666666666666666,1.0
