true 6
(0 -> 17) (1 -> 16) (2 -> -1) (3 -> 2) (4 -> 1) (5 -> -1) 
5 0 0 0
EXCEPT=2 FAIL0=0 FAIL1=0 SIZE=4 
