true 161
(0 -> 5) (1 -> 3) (2 -> 1) (3 -> -1) (4 -> -1) (5 -> 0) (6 -> 14) (7 -> 15) (8 -> 7) (9 -> -1) (10 -> 13) (11 -> 11) (12 -> 16) (13 -> 18) 
15 0 0 1 4
EXCEPT=3 FAIL0=0 FAIL1=0 FAIL2=1 SIZE=11 
