true 14
(0 -> 17) (1 -> 16) (2 -> -1) (3 -> 7) (4 -> 4) (5 -> 14) (6 -> -1) (7 -> 15) (8 -> 2) (9 -> 0) (10 -> 1) (11 -> -1) 
2 0 0 0 0
EXCEPT=3 FAIL0=0 FAIL1=0 FAIL2=0 SIZE=9 
