true 27
(0 -> 1) (1 -> 0) (2 -> 2) (3 -> -1) (4 -> -1) (5 -> 9) (6 -> 14) (7 -> 16) (8 -> 17) (9 -> -1) 
2 0 0 0 0
EXCEPT=3 FAIL0=0 FAIL1=0 FAIL2=0 SIZE=7 
