true 422
(0 -> 17) (1 -> -1) (2 -> -1) (3 -> 12) (4 -> 7) (5 -> -1) (6 -> 14) (7 -> 15) (8 -> 16) (9 -> 1) (10 -> 5) (11 -> 3) (12 -> 4) (13 -> -1) (14 -> 8) (15 -> 9) (16 -> 10) (17 -> 18) 
22 0 0 0 2 10
EXCEPT=4 FAIL0=0 FAIL1=0 FAIL2=0 FAIL3=2 SIZE=14 
