true 15
(0 -> 0) (1 -> 1) (2 -> 2) (3 -> -1) (4 -> -1) (5 -> 14) (6 -> 15) (7 -> 16) (8 -> 17) (9 -> 11) (10 -> 12) (11 -> 13) (12 -> -1) 
2 0 0 0 0
EXCEPT=3 FAIL0=0 FAIL1=0 FAIL2=0 SIZE=10 
