true 15
(0 -> 8) (1 -> 10) (2 -> -1) (3 -> -1) (4 -> 0) (5 -> 14) (6 -> 15) (7 -> 16) (8 -> 17) (9 -> 18) 
6 0 0 0
EXCEPT=2 FAIL0=0 FAIL1=0 SIZE=8 
