true 5
(0 -> 9) (1 -> 8) (2 -> 5) (3 -> -1) (4 -> 0) (5 -> 3) (6 -> 1) (7 -> 18) 
1 0 0
EXCEPT=1 FAIL0=0 SIZE=7 
