true 1990
(0 -> 12) (1 -> 11) (2 -> -1) (3 -> 13) (4 -> 0) (5 -> 2) (6 -> 1) (7 -> 8) (8 -> -1) (9 -> 9) (10 -> 3) (11 -> 4) (12 -> -1) (13 -> 17) (14 -> 16) (15 -> 14) (16 -> -1) (17 -> -1) (18 -> -1) (19 -> -1) (20 -> -1) (21 -> -1) (22 -> -1) 
133 0 0 0 0 0 0 0 0 8 69 40
EXCEPT=10 FAIL0=0 FAIL1=0 FAIL2=0 FAIL3=0 FAIL4=0 FAIL5=0 FAIL6=0 FAIL7=0 FAIL8=8 FAIL9=69 SIZE=13 
