true 72
(0 -> 12) (1 -> -1) (2 -> 11) (3 -> 13) (4 -> 16) (5 -> 14) (6 -> 17) (7 -> 1) (8 -> 2) (9 -> -1) (10 -> 9) (11 -> 0) (12 -> -1) (13 -> -1) (14 -> -1) (15 -> -1) (16 -> -1) (17 -> -1) (18 -> -1) 
26 0 0 0 0 0 0 0 0 1 1
EXCEPT=9 FAIL0=0 FAIL1=0 FAIL2=0 FAIL3=0 FAIL4=0 FAIL5=0 FAIL6=0 FAIL7=0 FAIL8=1 SIZE=10 
