true 58
(0 -> 0) (1 -> 2) (2 -> -1) (3 -> 1) (4 -> -1) (5 -> 17) (6 -> 16) (7 -> 9) (8 -> -1) 
6 0 0 0 1
EXCEPT=3 FAIL0=0 FAIL1=0 FAIL2=0 SIZE=6 
