true 3952
(0 -> -1) (1 -> 4) (2 -> 3) (3 -> 7) (4 -> -1) (5 -> 12) (6 -> -1) (7 -> 2) (8 -> -1) (9 -> 5) (10 -> 0) (11 -> -1) (12 -> 1) (13 -> 8) (14 -> 9) (15 -> 10) (16 -> 14) (17 -> 16) (18 -> 17) (19 -> 18) 
205 0 0 0 4 28 130
EXCEPT=5 FAIL0=0 FAIL1=0 FAIL2=0 FAIL3=4 FAIL4=28 SIZE=15 
