true 3
(0 -> 0) (1 -> 1) (2 -> 2) (3 -> -1) (4 -> 5) (5 -> 14) (6 -> 15) (7 -> 16) (8 -> 17) (9 -> 8) (10 -> 9) (11 -> 10) (12 -> 18) 
8 0 0
EXCEPT=1 FAIL0=0 SIZE=12 
