true 1
(0 -> -1) (1 -> 18) 
6 0 1
EXCEPT=1 FAIL0=0 SIZE=1 
