true 54
(0 -> 0) (1 -> -1) (2 -> 2) (3 -> 3) (4 -> -1) (5 -> 1) (6 -> 5) (7 -> -1) (8 -> 9) (9 -> 10) (10 -> 8) (11 -> 18) 
9 0 0 0 1
EXCEPT=3 FAIL0=0 FAIL1=0 FAIL2=0 SIZE=9 
