true 10
(0 -> 0) (1 -> 1) (2 -> 2) (3 -> -1) (4 -> 5) (5 -> 14) (6 -> 7) (7 -> 8) (8 -> 9) (9 -> 10) (10 -> 18) 
5 0 0
EXCEPT=1 FAIL0=0 SIZE=10 
