true 28
(0 -> -1) (1 -> 17) (2 -> -1) (3 -> 16) (4 -> -1) (5 -> 10) (6 -> 5) (7 -> 8) (8 -> 18) 
23 0 0 0 0
EXCEPT=3 FAIL0=0 FAIL1=0 FAIL2=0 SIZE=6 
