true 21
(0 -> 8) (1 -> 9) (2 -> -1) (3 -> -1) (4 -> 12) (5 -> 0) (6 -> 2) (7 -> 1) (8 -> 5) (9 -> -1) 
15 0 0 0 0
EXCEPT=3 FAIL0=0 FAIL1=0 FAIL2=0 SIZE=7 
