true 28
(0 -> 0) (1 -> 1) (2 -> 5) (3 -> 2) (4 -> -1) (5 -> -1) (6 -> 17) (7 -> 16) (8 -> 9) (9 -> 8) (10 -> 18) 
3 0 0 0
EXCEPT=2 FAIL0=0 FAIL1=0 SIZE=9 
