true 13492
(0 -> 9) (1 -> -1) (2 -> 7) (3 -> 14) (4 -> -1) (5 -> 0) (6 -> -1) (7 -> 8) (8 -> 10) (9 -> 15) (10 -> 5) (11 -> -1) (12 -> -1) (13 -> 12) (14 -> 3) (15 -> 4) (16 -> 17) (17 -> -1) (18 -> 16) (19 -> 13) (20 -> 11) (21 -> 18) 
660 0 0 0 0 7 61 560
EXCEPT=6 FAIL0=0 FAIL1=0 FAIL2=0 FAIL3=0 FAIL4=7 FAIL5=61 SIZE=16 
