true 203
(0 -> 12) (1 -> 11) (2 -> 13) (3 -> -1) (4 -> -1) (5 -> -1) (6 -> 7) (7 -> 9) (8 -> -1) (9 -> 14) (10 -> 15) (11 -> 16) (12 -> 17) (13 -> 10) (14 -> 5) (15 -> 18) 
15 0 0 0 2 6
EXCEPT=4 FAIL0=0 FAIL1=0 FAIL2=0 FAIL3=2 SIZE=12 
