true 170
(0 -> 12) (1 -> 11) (2 -> 13) (3 -> -1) (4 -> -1) (5 -> -1) (6 -> 2) (7 -> 17) (8 -> 16) (9 -> 1) (10 -> -1) (11 -> 9) (12 -> 8) (13 -> 18) 
14 0 0 0 1 6
EXCEPT=4 FAIL0=0 FAIL1=0 FAIL2=0 FAIL3=1 SIZE=10 
