true 8
(0 -> -1) (1 -> 1) (2 -> 4) (3 -> 0) (4 -> 3) (5 -> 6) 
12 0 0
EXCEPT=1 FAIL0=0 SIZE=5 
