true 10
(0 -> 3) (1 -> 1) (2 -> 6) (3 -> -1) (4 -> 0) (5 -> 2) (6 -> 4) 
1 0 0
EXCEPT=1 FAIL0=0 SIZE=6 
