true 2
(0 -> 0) (1 -> 6) (2 -> 1) 
13 0
EXCEPT=0 SIZE=3 
