true 22
(0 -> 1) (1 -> -1) (2 -> 0) (3 -> 2) (4 -> 4) (5 -> 5) (6 -> 3) (7 -> -1) 
22 0 4 0
EXCEPT=2 FAIL0=0 FAIL1=4 SIZE=6 
