true 11
(0 -> 1) (1 -> 6) (2 -> 3) (3 -> 4) (4 -> 5) (5 -> -1) (6 -> 0) 
16 0 0
EXCEPT=1 FAIL0=0 SIZE=6 
