true 8
(0 -> 2) (1 -> -1) (2 -> 6) (3 -> 1) (4 -> 3) (5 -> 0) 
9 0 2
EXCEPT=1 FAIL0=0 SIZE=5 
