true 9
(0 -> 0) (1 -> 1) (2 -> 4) (3 -> 6) (4 -> -1) (5 -> 2) (6 -> 3) 
23 0 0
EXCEPT=1 FAIL0=0 SIZE=6 
