true 4
(0 -> 2) (1 -> 1) (2 -> 6) (3 -> 4) (4 -> 0) (5 -> 3) 
12 0
EXCEPT=0 SIZE=6 
