true 6
(0 -> 1) (1 -> -1) (2 -> 3) (3 -> 4) (4 -> 0) 
21 0 1
EXCEPT=1 FAIL0=0 SIZE=4 
