true 8
(0 -> 1) (1 -> 3) (2 -> 6) (3 -> 4) (4 -> -1) (5 -> 0) 
12 0 0
EXCEPT=1 FAIL0=0 SIZE=5 
