true 7
(0 -> 3) (1 -> 1) (2 -> 4) (3 -> 5) (4 -> -1) (5 -> 6) (6 -> 2) (7 -> 0) 
1 0 0
EXCEPT=1 FAIL0=0 SIZE=7 
