true 9
(0 -> 6) (1 -> -1) (2 -> 1) (3 -> 0) (4 -> 4) (5 -> 5) (6 -> 3) 
8 0 0
EXCEPT=1 FAIL0=0 SIZE=6 
