true 4
(0 -> 6) (1 -> 3) (2 -> 1) (3 -> 2) (4 -> 0) 
12 0
EXCEPT=0 SIZE=5 
