true 2
(0 -> 1) (1 -> 6) (2 -> 0) 
11 0
EXCEPT=0 SIZE=3 
