true 19
(0 -> 2) (1 -> -1) (2 -> -1) (3 -> 3) (4 -> 4) (5 -> -1) (6 -> 6) (7 -> 5) (8 -> 1) (9 -> 0) 
1 0 0 0 0
EXCEPT=3 FAIL0=0 FAIL1=0 FAIL2=0 SIZE=7 
