true 9
(0 -> 1) (1 -> 0) (2 -> 3) (3 -> 2) (4 -> 6) (5 -> -1) (6 -> 4) 
9 0 0
EXCEPT=1 FAIL0=0 SIZE=6 
