true 20
(0 -> 1) (1 -> 0) (2 -> 4) (3 -> 3) (4 -> 2) (5 -> -1) (6 -> 6) (7 -> 5) 
38 0 0
EXCEPT=1 FAIL0=0 SIZE=7 
