true 9
(0 -> -1) (1 -> 2) (2 -> 1) (3 -> 0) (4 -> 6) (5 -> 3) (6 -> 4) 
0 0 0
EXCEPT=1 FAIL0=0 SIZE=6 
