true 11
(0 -> 5) (1 -> 6) (2 -> -1) (3 -> -1) (4 -> -1) (5 -> -1) (6 -> 2) (7 -> 3) (8 -> 0) (9 -> 1) (10 -> -1) (11 -> 4) 
8 0 0 0 0 0 0
EXCEPT=5 FAIL0=0 FAIL1=0 FAIL2=0 FAIL3=0 FAIL4=0 SIZE=7 
