true 6
(0 -> 6) (1 -> 1) (2 -> 3) (3 -> 5) (4 -> 4) (5 -> 0) (6 -> 2) (7 -> -1) (8 -> -1) 
4 0 0 0
EXCEPT=2 FAIL0=0 FAIL1=0 SIZE=7 
