true 24
(0 -> 0) (1 -> 6) (2 -> -1) (3 -> 3) (4 -> -1) (5 -> 2) (6 -> 1) (7 -> 5) (8 -> 4) 
22 0 0 0
EXCEPT=2 FAIL0=0 FAIL1=0 SIZE=7 
