true 6
(0 -> 3) (1 -> 6) (2 -> 16) (3 -> 8) (4 -> 11) (5 -> 9) 
66 0
EXCEPT=0 SIZE=6 
