true 6
(0 -> 10) (1 -> -1) (2 -> 1) (3 -> 5) (4 -> 0) (5 -> 18) 
1 0 0
EXCEPT=1 FAIL0=0 SIZE=5 
