true 24
(0 -> 11) (1 -> 2) (2 -> 3) (3 -> 4) (4 -> 17) (5 -> -1) (6 -> 7) (7 -> 6) (8 -> 9) (9 -> 8) 
58 0 0
EXCEPT=1 FAIL0=0 SIZE=9 
