true 36
(0 -> 11) (1 -> 6) (2 -> 15) (3 -> 12) (4 -> 7) (5 -> 14) (6 -> 8) (7 -> 3) (8 -> 2) (9 -> -1) (10 -> 5) (11 -> 9) (12 -> 4) (13 -> 19) (14 -> 1) 
1 0 0
EXCEPT=1 FAIL0=0 SIZE=14 
