true 82
(0 -> 18) (1 -> 6) (2 -> -1) (3 -> 0) (4 -> 1) (5 -> 19) (6 -> -1) (7 -> 5) (8 -> 14) 
50 0 8 0
EXCEPT=2 FAIL0=0 FAIL1=8 SIZE=7 
