true 322
(0 -> 19) (1 -> 4) (2 -> 5) (3 -> -1) (4 -> -1) (5 -> 13) (6 -> 8) (7 -> 0) (8 -> -1) (9 -> 14) (10 -> 12) (11 -> 6) (12 -> 1) (13 -> 15) (14 -> 16) (15 -> 2) (16 -> 9) (17 -> 7) (18 -> -1) 
36 0 0 1 8 2
EXCEPT=4 FAIL0=0 FAIL1=0 FAIL2=1 FAIL3=8 SIZE=15 
