true 6
(0 -> 4) (1 -> 16) (2 -> 17) (3 -> 9) (4 -> 2) (5 -> 8) (6 -> 11) (7 -> 3) 
0 0
EXCEPT=0 SIZE=8 
