true 17
(0 -> 0) (1 -> 15) (2 -> 1) (3 -> 2) (4 -> -1) (5 -> 19) (6 -> 5) (7 -> 18) (8 -> -1) (9 -> -1) (10 -> 11) (11 -> 17) (12 -> 8) (13 -> 7) (14 -> 12) (15 -> 6) (16 -> -1) (17 -> 13) (18 -> -1) (19 -> 16) (20 -> 4) (21 -> 10) (22 -> 9) (23 -> 14) (24 -> 3) 
105 0 1 0 0 0 0
EXCEPT=5 FAIL0=0 FAIL1=1 FAIL2=0 FAIL3=0 FAIL4=0 SIZE=20 
