true 18
(0 -> 0) (1 -> 15) (2 -> 1) (3 -> 11) (4 -> -1) (5 -> 19) (6 -> 5) (7 -> 18) (8 -> -1) (9 -> -1) (10 -> 2) (11 -> 16) (12 -> 4) (13 -> 6) (14 -> 12) (15 -> 7) (16 -> -1) (17 -> 13) (18 -> -1) (19 -> 17) (20 -> 8) (21 -> 10) (22 -> 9) (23 -> 14) (24 -> 3) 
6 0 0 0 0 0 0
EXCEPT=5 FAIL0=0 FAIL1=0 FAIL2=0 FAIL3=0 FAIL4=0 SIZE=20 
