true 40
(0 -> 0) (1 -> 6) (2 -> 10) (3 -> 16) (4 -> 13) (5 -> 8) (6 -> -1) (7 -> 4) (8 -> 11) (9 -> 3) (10 -> 9) (11 -> 12) (12 -> 18) (13 -> 15) 
52 0 1
EXCEPT=1 FAIL0=0 SIZE=13 
