true 19
(0 -> 6) (1 -> 18) (2 -> 16) (3 -> 0) (4 -> 1) (5 -> 11) (6 -> 19) (7 -> -1) (8 -> 8) 
39 0 0
EXCEPT=1 FAIL0=0 SIZE=8 
