true 8
(0 -> 0) (1 -> 1) (2 -> 5) (3 -> -1) (4 -> 2) (5 -> 7) (6 -> 4) 
25 0 0
EXCEPT=1 FAIL0=0 SIZE=6 
