true 6
(0 -> 2) (1 -> 17) (2 -> 4) (3 -> 7) (4 -> 3) (5 -> 10) (6 -> 9) (7 -> 15) 
22 0
EXCEPT=0 SIZE=8 
