true 62
(0 -> 11) (1 -> 15) (2 -> 7) (3 -> 0) (4 -> 18) (5 -> 3) (6 -> 16) (7 -> -1) (8 -> 8) (9 -> 2) (10 -> 6) (11 -> 13) (12 -> 4) (13 -> 9) (14 -> 10) 
19 0 3
EXCEPT=1 FAIL0=0 SIZE=14 
