true 29
(0 -> 6) (1 -> -1) (2 -> 8) (3 -> 9) (4 -> 11) (5 -> 3) (6 -> 0) (7 -> 1) 
20 0 0
EXCEPT=1 FAIL0=0 SIZE=7 
