true 9
(0 -> 13) (1 -> 17) (2 -> 4) (3 -> 11) (4 -> 6) (5 -> 8) (6 -> 3) (7 -> 10) (8 -> 15) (9 -> 12) (10 -> 9) (11 -> 2) 
5 0
EXCEPT=0 SIZE=12 
