true 28
(0 -> 17) (1 -> 12) (2 -> 8) (3 -> 3) (4 -> 4) (5 -> 14) (6 -> 1) (7 -> 19) (8 -> 9) (9 -> 10) (10 -> 15) (11 -> 5) 
3 0
EXCEPT=0 SIZE=12 
