true 57
(0 -> 3) (1 -> 1) (2 -> 13) (3 -> 16) (4 -> 14) (5 -> 18) (6 -> 2) (7 -> -1) (8 -> 17) (9 -> 7) (10 -> 8) (11 -> 9) (12 -> 6) (13 -> 19) (14 -> -1) (15 -> -1) (16 -> 12) (17 -> 0) (18 -> 10) (19 -> 15) (20 -> 4) (21 -> 5) (22 -> 11) 
7 0 0 0 1
EXCEPT=3 FAIL0=0 FAIL1=0 FAIL2=0 SIZE=20 
