true 2756
(0 -> 4) (1 -> 2) (2 -> 0) (3 -> 18) (4 -> -1) (5 -> -1) (6 -> 10) (7 -> 1) (8 -> 13) (9 -> 16) (10 -> 3) (11 -> 5) (12 -> 12) (13 -> 11) (14 -> 8) (15 -> 17) (16 -> 7) (17 -> 15) (18 -> 9) 
134 0 66 63
EXCEPT=2 FAIL0=0 FAIL1=66 SIZE=17 
