true 7167
(0 -> -1) (1 -> 5) (2 -> -1) (3 -> 0) (4 -> 1) (5 -> 6) (6 -> 8) (7 -> 13) (8 -> 3) (9 -> -1) (10 -> 4) (11 -> 14) (12 -> 2) (13 -> 9) (14 -> 17) (15 -> 12) (16 -> 15) (17 -> 11) (18 -> 7) (19 -> 16) 
281 0 9 261 1
EXCEPT=3 FAIL0=0 FAIL1=9 FAIL2=261 SIZE=17 
