true 30
(0 -> -1) (1 -> 0) (2 -> 3) (3 -> -1) (4 -> 5) (5 -> -1) (6 -> 2) (7 -> -1) (8 -> -1) (9 -> 6) 
6 0 0 0 0 0 0
EXCEPT=5 FAIL0=0 FAIL1=0 FAIL2=0 FAIL3=0 FAIL4=0 SIZE=5 
