true 24
(0 -> -1) (1 -> -1) (2 -> -1) (3 -> 3) (4 -> 0) (5 -> -1) (6 -> 5) (7 -> 2) (8 -> -1) 
32 0 0 0 0 0 0
EXCEPT=5 FAIL0=0 FAIL1=0 FAIL2=0 FAIL3=0 FAIL4=0 SIZE=4 
