true 42
(0 -> -1) (1 -> -1) (2 -> 3) (3 -> -1) (4 -> 0) (5 -> -1) (6 -> 5) (7 -> -1) (8 -> 2) (9 -> -1) (10 -> 6) 
16 0 0 0 0 0 0 1
EXCEPT=6 FAIL0=0 FAIL1=0 FAIL2=0 FAIL3=0 FAIL4=0 FAIL5=0 SIZE=5 
