true 42
(0 -> -1) (1 -> -1) (2 -> -1) (3 -> 0) (4 -> 3) (5 -> 5) (6 -> -1) (7 -> -1) (8 -> -1) (9 -> 2) (10 -> 6) 
11 0 0 0 0 0 0 0
EXCEPT=6 FAIL0=0 FAIL1=0 FAIL2=0 FAIL3=0 FAIL4=0 FAIL5=0 SIZE=5 
