true 280
(0 -> 4) (1 -> 7) (2 -> 1) (3 -> -1) (4 -> -1) (5 -> 3) (6 -> 0) (7 -> 2) (8 -> -1) (9 -> -1) (10 -> 5) 
79 0 0 0 1 5
EXCEPT=4 FAIL0=0 FAIL1=0 FAIL2=0 FAIL3=1 SIZE=7 
