true 9
(0 -> 1) (1 -> 0) (2 -> 4) (3 -> -1) (4 -> 7) (5 -> 5) 
49 0 0
EXCEPT=1 FAIL0=0 SIZE=5 
