true 11
(0 -> 4) (1 -> 7) (2 -> 0) (3 -> 2) (4 -> 6) (5 -> 3) (6 -> -1) 
1 0 0
EXCEPT=1 FAIL0=0 SIZE=6 
