true 8
(0 -> 1) (1 -> 7) (2 -> 2) (3 -> 5) (4 -> -1) (5 -> 0) 
0 0 0
EXCEPT=1 FAIL0=0 SIZE=5 
