true 16
(0 -> 5) (1 -> 2) (2 -> -1) (3 -> 7) (4 -> 4) (5 -> 3) (6 -> 6) 
2 0 0
EXCEPT=1 FAIL0=0 SIZE=6 
