true 13
(0 -> 2) (1 -> -1) (2 -> 7) (3 -> 4) (4 -> 0) 
32 0 0
EXCEPT=1 FAIL0=0 SIZE=4 
