true 16
(0 -> 2) (1 -> 5) (2 -> 3) (3 -> -1) (4 -> 6) (5 -> 7) (6 -> 4) 
1 0 0
EXCEPT=1 FAIL0=0 SIZE=6 
