true 502
(0 -> 1) (1 -> -1) (2 -> 0) (3 -> -1) (4 -> -1) (5 -> 3) (6 -> -1) (7 -> 4) (8 -> 5) (9 -> -1) (10 -> 7) 
10 0 0 0 1 3 3
EXCEPT=5 FAIL0=0 FAIL1=0 FAIL2=0 FAIL3=1 FAIL4=3 SIZE=6 
