true 9
(0 -> 4) (1 -> 0) (2 -> 7) (3 -> 5) (4 -> -1) (5 -> 3) (6 -> 6) 
1 0 0
EXCEPT=1 FAIL0=0 SIZE=6 
