true 18
(0 -> 4) (1 -> 0) (2 -> 1) (3 -> 7) (4 -> 3) (5 -> -1) (6 -> 2) (7 -> 5) 
1 0 0
EXCEPT=1 FAIL0=0 SIZE=7 
