true 11
(0 -> -1) (1 -> 6) (2 -> 4) (3 -> 0) (4 -> 2) (5 -> 7) (6 -> 5) 
1 0 0
EXCEPT=1 FAIL0=0 SIZE=6 
