true 113
(0 -> 4) (1 -> 2) (2 -> 7) (3 -> -1) (4 -> 6) (5 -> -1) (6 -> 3) (7 -> -1) (8 -> 5) 
2 0 0 0 0
EXCEPT=3 FAIL0=0 FAIL1=0 FAIL2=0 SIZE=6 
