true 645
(0 -> 2) (1 -> -1) (2 -> -1) (3 -> -1) (4 -> 5) (5 -> 7) (6 -> 3) (7 -> -1) (8 -> -1) (9 -> 1) (10 -> 4) 
8 0 0 0 0 2 3
EXCEPT=5 FAIL0=0 FAIL1=0 FAIL2=0 FAIL3=0 FAIL4=2 SIZE=6 
