true 242
(0 -> -1) (1 -> -1) (2 -> 2) (3 -> 7) (4 -> 1) (5 -> 5) (6 -> -1) (7 -> -1) (8 -> 3) (9 -> 4) 
4 0 0 0 1 0
EXCEPT=4 FAIL0=0 FAIL1=0 FAIL2=0 FAIL3=1 SIZE=6 
