true 9
(0 -> 2) (1 -> 7) (2 -> 4) (3 -> -1) (4 -> 1) (5 -> 5) (6 -> 0) 
0 0 0
EXCEPT=1 FAIL0=0 SIZE=6 
