true 128
(0 -> -1) (1 -> 3) (2 -> 4) (3 -> 6) (4 -> 0) (5 -> -1) (6 -> 1) (7 -> 5) (8 -> -1) (9 -> -1) 
12 0 0 0 0 1
EXCEPT=4 FAIL0=0 FAIL1=0 FAIL2=0 FAIL3=0 SIZE=6 
