true 3
(0 -> 0) (1 -> 6) (2 -> 1) (3 -> -1) 
29 0 0
EXCEPT=1 FAIL0=0 SIZE=3 
