true 8
(0 -> 6) (1 -> 1) (2 -> 0) (3 -> 2) (4 -> 4) (5 -> -1) (6 -> 3) 
1 0 0
EXCEPT=1 FAIL0=0 SIZE=6 
