true 6
(0 -> 0) (1 -> 1) (2 -> 3) (3 -> -1) (4 -> 4) 
27 1 0
EXCEPT=1 FAIL0=1 SIZE=4 
