true 10
(0 -> 4) (1 -> 6) (2 -> 1) (3 -> 0) (4 -> -1) (5 -> 5) (6 -> 3) 
3 0 0
EXCEPT=1 FAIL0=0 SIZE=6 
