true 37
(0 -> 1) (1 -> 0) (2 -> -1) (3 -> 6) (4 -> 4) (5 -> -1) (6 -> 5) (7 -> 3) 
15 0 0 0
EXCEPT=2 FAIL0=0 FAIL1=0 SIZE=6 
