true 3
(0 -> 6) (1 -> 0) (2 -> 1) (3 -> -1) 
12 0 0
EXCEPT=1 FAIL0=0 SIZE=3 
