true 7
(0 -> 4) (1 -> 0) (2 -> 1) (3 -> 6) (4 -> -1) (5 -> 2) 
18 0 0
EXCEPT=1 FAIL0=0 SIZE=5 
