true 12
(0 -> 1) (1 -> -1) (2 -> 6) (3 -> 0) (4 -> 3) (5 -> 2) (6 -> 4) 
4 0 0
EXCEPT=1 FAIL0=0 SIZE=6 
