true 338
(0 -> -1) (1 -> 1) (2 -> 0) (3 -> -1) (4 -> -1) (5 -> 6) (6 -> 3) (7 -> -1) (8 -> -1) (9 -> 4) (10 -> -1) (11 -> 5) (12 -> -1) (13 -> -1) 
25 0 0 0 0 0 0 0 1 5
EXCEPT=8 FAIL0=0 FAIL1=0 FAIL2=0 FAIL3=0 FAIL4=0 FAIL5=0 FAIL6=0 FAIL7=1 SIZE=6 
