true 7
(0 -> 1) (1 -> 4) (2 -> -1) (3 -> 5) (4 -> 6) (5 -> 0) (6 -> 3) 
3 0 0
EXCEPT=1 FAIL0=0 SIZE=6 
