true 26
(0 -> -1) (1 -> -1) (2 -> -1) (3 -> -1) (4 -> 2) (5 -> 0) (6 -> -1) (7 -> 4) (8 -> 5) 
24 0 0 0 0 0 0
EXCEPT=5 FAIL0=0 FAIL1=0 FAIL2=0 FAIL3=0 FAIL4=0 SIZE=4 
