true 8
(0 -> 0) (1 -> 18) (2 -> 8) (3 -> -1) (4 -> 6) (5 -> 11) 
7 0 0
EXCEPT=1 FAIL0=0 SIZE=5 
