true 9
(0 -> 8) (1 -> 11) (2 -> 6) (3 -> -1) 
32 0 0
EXCEPT=1 FAIL0=0 SIZE=3 
