true 6
(0 -> 11) (1 -> 3) (2 -> 6) (3 -> 10) (4 -> 15) (5 -> -1) 
36 0 0
EXCEPT=1 FAIL0=0 SIZE=5 
