true 13
(0 -> -1) (1 -> 15) (2 -> 6) (3 -> 13) (4 -> 11) (5 -> 18) (6 -> 10) (7 -> 1) 
37 0 0
EXCEPT=1 FAIL0=0 SIZE=7 
