true 4
(0 -> 17) (1 -> 7) (2 -> 2) (3 -> 4) 
4 0
EXCEPT=0 SIZE=4 
