true 6
(0 -> 0) (1 -> 1) (2 -> 18) (3 -> 5) (4 -> -1) 
49 0 8
EXCEPT=1 FAIL0=0 SIZE=4 
