true 5
(0 -> 16) (1 -> 6) (2 -> 11) (3 -> 9) (4 -> 8) 
0 0
EXCEPT=0 SIZE=5 
