true 7
(0 -> 11) (1 -> 1) (2 -> 6) (3 -> -1) (4 -> 5) (5 -> 0) (6 -> 18) 
0 0 0
EXCEPT=1 FAIL0=0 SIZE=6 
