true 82
(0 -> -1) (1 -> 6) (2 -> 1) (3 -> 14) (4 -> 12) (5 -> 5) (6 -> 19) (7 -> 8) (8 -> 16) (9 -> 11) 
2 0 0
EXCEPT=1 FAIL0=0 SIZE=9 
