true 10
(0 -> 6) (1 -> 3) (2 -> 9) (3 -> 4) (4 -> 11) (5 -> 8) (6 -> 16) 
5 0
EXCEPT=0 SIZE=7 
