true 26
(0 -> 3) (1 -> 0) (2 -> -1) (3 -> -1) (4 -> 5) (5 -> -1) (6 -> 1) (7 -> 2) (8 -> -1) (9 -> 6) 
12 0 0 0 0 0
EXCEPT=4 FAIL0=0 FAIL1=0 FAIL2=0 FAIL3=0 SIZE=6 
