true 12
(0 -> 0) (1 -> -1) (2 -> 5) (3 -> 4) (4 -> -1) (5 -> -1) (6 -> 1) (7 -> 2) (8 -> -1) (9 -> 3) (10 -> 6) 
2 0 0 0 0 0
EXCEPT=4 FAIL0=0 FAIL1=0 FAIL2=0 FAIL3=0 SIZE=7 
