true 6
(0 -> 5) (1 -> 6) (2 -> 0) (3 -> -1) (4 -> 4) (5 -> 2) 
2 0 0
EXCEPT=1 FAIL0=0 SIZE=5 
