true 6
(0 -> 6) (1 -> -1) (2 -> 1) (3 -> 5) (4 -> 4) 
12 0 2
EXCEPT=1 FAIL0=0 SIZE=4 
