true 8
(0 -> -1) (1 -> 1) (2 -> 3) (3 -> 0) (4 -> 7) (5 -> 4) (6 -> 6) 
11 1 0
EXCEPT=1 FAIL0=1 SIZE=6 
