true 6
(0 -> 2) (1 -> 5) (2 -> 4) (3 -> 1) (4 -> 6) (5 -> -1) 
41 0 0
EXCEPT=1 FAIL0=0 SIZE=5 
