true 8
(0 -> 0) (1 -> 4) (2 -> 2) (3 -> -1) (4 -> 3) (5 -> 6) (6 -> 1) 
11 0 0
EXCEPT=1 FAIL0=0 SIZE=6 
