true 10
(0 -> 0) (1 -> 7) (2 -> -1) (3 -> 1) (4 -> 5) (5 -> 2) (6 -> 4) 
37 0 0
EXCEPT=1 FAIL0=0 SIZE=6 
