true 9
(0 -> 2) (1 -> -1) (2 -> 3) (3 -> 4) (4 -> 6) (5 -> 0) (6 -> 7) (7 -> 1) 
8 1 0
EXCEPT=1 FAIL0=1 SIZE=7 
