true 7
(0 -> 1) (1 -> 5) (2 -> 3) (3 -> 0) (4 -> 7) (5 -> 4) (6 -> 6) (7 -> -1) 
29 0 0
EXCEPT=1 FAIL0=0 SIZE=7 
