true 2
(0 -> 2) (1 -> 4) (2 -> 0) (3 -> -1) 
58 0 0
EXCEPT=1 FAIL0=0 SIZE=3 
