true 6
(0 -> 6) (1 -> -1) (2 -> 2) (3 -> 4) (4 -> 0) (5 -> 3) 
11 0 0
EXCEPT=1 FAIL0=0 SIZE=5 
