true 9
(0 -> -1) (1 -> 4) (2 -> 3) (3 -> 2) (4 -> 0) (5 -> 6) (6 -> 1) 
14 0 0
EXCEPT=1 FAIL0=0 SIZE=6 
