true 4
(0 -> 5) (1 -> 2) (2 -> 1) (3 -> 3) (4 -> 7) (5 -> 4) (6 -> 6) (7 -> -1) (8 -> 0) 
4 0 0
EXCEPT=1 FAIL0=0 SIZE=8 
