true 31
(0 -> 5) (1 -> 6) (2 -> 7) (3 -> -1) (4 -> -1) (5 -> 4) (6 -> 2) (7 -> 1) (8 -> 0) 
29 0 2 0
EXCEPT=2 FAIL0=0 FAIL1=2 SIZE=7 
