true 11
(0 -> -1) (1 -> 9) (2 -> 10) (3 -> 11) (4 -> 8) (5 -> 0) (6 -> 6) (7 -> 15) (8 -> 18) (9 -> 3) 
2 0 0
EXCEPT=1 FAIL0=0 SIZE=9 
