true 7
(0 -> 3) (1 -> 11) (2 -> 6) (3 -> 8) (4 -> 9) (5 -> 4) (6 -> 16) 
7 0
EXCEPT=0 SIZE=7 
