true 10
(0 -> 11) (1 -> 6) (2 -> 9) (3 -> 3) (4 -> 4) (5 -> 8) (6 -> 16) 
12 0
EXCEPT=0 SIZE=7 
