true 7
(0 -> 6) (1 -> 8) (2 -> 9) (3 -> 11) (4 -> 4) (5 -> 3) (6 -> 15) (7 -> 16) 
1 0
EXCEPT=0 SIZE=8 
