true 2
(0 -> 8) (1 -> 11) (2 -> 6) 
2 0
EXCEPT=0 SIZE=3 
