true 7
(0 -> 0) (1 -> 1) (2 -> 12) (3 -> 14) (4 -> 5) (5 -> 6) (6 -> 19) (7 -> -1) 
6 0 0
EXCEPT=1 FAIL0=0 SIZE=7 
