true 6
(0 -> 9) (1 -> 3) (2 -> 10) (3 -> 17) (4 -> 2) (5 -> 4) (6 -> 15) 
7 0
EXCEPT=0 SIZE=7 
