true 2
(0 -> 11) (1 -> 6) (2 -> 8) (3 -> -1) 
4 0 0
EXCEPT=1 FAIL0=0 SIZE=3 
