true 8
(0 -> 9) (1 -> 6) (2 -> 11) (3 -> 3) (4 -> 8) (5 -> 16) 
39 1
EXCEPT=0 SIZE=6 
