true 6
(0 -> 10) (1 -> 2) (2 -> 9) (3 -> 7) (4 -> 15) (5 -> 4) (6 -> 3) 
0 0
EXCEPT=0 SIZE=7 
