true 50
(0 -> -1) (1 -> 6) (2 -> 3) (3 -> 2) (4 -> 4) (5 -> 7) (6 -> 9) (7 -> 8) (8 -> 16) (9 -> 11) 
12 0 0
EXCEPT=1 FAIL0=0 SIZE=9 
