true 80
(0 -> 12) (1 -> 6) (2 -> 8) (3 -> 7) (4 -> 5) (5 -> 11) (6 -> 9) (7 -> -1) (8 -> 14) (9 -> 1) (10 -> 4) (11 -> 17) (12 -> 19) (13 -> 2) 
12 0 2
EXCEPT=1 FAIL0=0 SIZE=13 
