true 16
(0 -> 0) (1 -> 18) (2 -> 4) (3 -> -1) (4 -> 2) (5 -> 6) (6 -> 11) (7 -> 7) (8 -> 17) 
4 0 0
EXCEPT=1 FAIL0=0 SIZE=8 
