true 27
(0 -> 10) (1 -> 8) (2 -> 6) (3 -> 1) (4 -> -1) (5 -> 16) (6 -> 0) (7 -> 18) (8 -> 11) 
1 0 0
EXCEPT=1 FAIL0=0 SIZE=8 
