true 38
(0 -> 12) (1 -> 11) (2 -> 13) (3 -> -1) (4 -> -1) (5 -> -1) (6 -> 2) (7 -> 0) (8 -> 1) (9 -> 18) 
7 0 0 0 0
EXCEPT=3 FAIL0=0 FAIL1=0 FAIL2=0 SIZE=7 
