true 8
(0 -> 0) (1 -> -1) (2 -> 17) (3 -> -1) (4 -> 16) (5 -> 18) 
3 0 0 0
EXCEPT=2 FAIL0=0 FAIL1=0 SIZE=4 
