true 29
(0 -> 10) (1 -> -1) (2 -> 2) (3 -> -1) (4 -> 8) (5 -> -1) (6 -> 1) (7 -> -1) 
19 0 0 0 0 0
EXCEPT=4 FAIL0=0 FAIL1=0 FAIL2=0 FAIL3=0 SIZE=4 
