true 3
(0 -> 0) (1 -> -1) (2 -> 9) (3 -> 8) (4 -> 18) 
2 0 0
EXCEPT=1 FAIL0=0 SIZE=4 
