true 5
(0 -> 12) (1 -> 11) (2 -> 13) (3 -> -1) (4 -> 0) (5 -> 18) 
10 0 0
EXCEPT=1 FAIL0=0 SIZE=5 
