true 9
(0 -> 3) (1 -> 4) (2 -> 6) (3 -> -1) (4 -> 11) (5 -> 13) (6 -> -1) 
9 0 0 0
EXCEPT=2 FAIL0=0 FAIL1=0 SIZE=5 
