true 3
(0 -> 0) (1 -> -1) (2 -> 9) (3 -> 18) 
17 0 0
EXCEPT=1 FAIL0=0 SIZE=3 
