true 3
(0 -> -1) (1 -> 17) (2 -> 16) (3 -> 18) 
1 0 0
EXCEPT=1 FAIL0=0 SIZE=3 
