true 8
(0 -> 0) (1 -> 2) (2 -> -1) (3 -> 7) (4 -> 4) (5 -> 3) (6 -> 14) (7 -> 18) 
6 0 0
EXCEPT=1 FAIL0=0 SIZE=7 
