true 7
(0 -> 0) (1 -> -1) (2 -> 12) (3 -> 11) (4 -> 13) (5 -> 18) 
2 0 0
EXCEPT=1 FAIL0=0 SIZE=5 
