true 126
(0 -> 2) (1 -> 0) (2 -> 1) (3 -> 5) (4 -> -1) (5 -> 13) (6 -> 11) (7 -> 3) (8 -> -1) (9 -> 17) (10 -> 16) (11 -> 12) (12 -> -1) 
9 0 0 1 2
EXCEPT=3 FAIL0=0 FAIL1=0 FAIL2=1 SIZE=10 
