true 7
(0 -> 1) (1 -> -1) (2 -> 0) (3 -> 17) (4 -> 16) (5 -> 18) 
1 0 0
EXCEPT=1 FAIL0=0 SIZE=5 
