true 145
(0 -> 2) (1 -> -1) (2 -> 7) (3 -> 5) (4 -> 6) (5 -> -1) (6 -> 1) (7 -> 4) (8 -> -1) (9 -> 0) 
15 0 0 1 0
EXCEPT=3 FAIL0=0 FAIL1=0 FAIL2=1 SIZE=7 
