true 83
(0 -> 7) (1 -> 4) (2 -> -1) (3 -> 0) (4 -> 1) (5 -> -1) (6 -> 2) (7 -> 5) (8 -> 6) 
236 0 2 4
EXCEPT=2 FAIL0=0 FAIL1=2 SIZE=7 
