true 261
(0 -> -1) (1 -> 7) (2 -> 0) (3 -> 5) (4 -> -1) (5 -> 4) (6 -> 1) (7 -> 2) (8 -> 3) (9 -> 6) (10 -> -1) 
8 0 0 0 2
EXCEPT=3 FAIL0=0 FAIL1=0 FAIL2=0 SIZE=8 
