true 6
(0 -> 5) (1 -> 2) (2 -> 7) (3 -> 4) (4 -> 6) (5 -> -1) (6 -> -1) (7 -> 0) (8 -> 3) (9 -> 1) 
6 0 0 0
EXCEPT=2 FAIL0=0 FAIL1=0 SIZE=8 
