true 151
(0 -> -1) (1 -> 3) (2 -> 1) (3 -> -1) (4 -> 4) (5 -> 5) (6 -> 7) (7 -> 2) (8 -> -1) (9 -> 6) (10 -> 0) 
4 0 0 0 1
EXCEPT=3 FAIL0=0 FAIL1=0 FAIL2=0 SIZE=8 
