true 23
(0 -> 3) (1 -> 2) (2 -> 5) (3 -> 7) (4 -> 6) (5 -> 4) (6 -> 0) (7 -> -1) (8 -> -1) (9 -> -1) (10 -> 1) 
24 0 0 0 0
EXCEPT=3 FAIL0=0 FAIL1=0 FAIL2=0 SIZE=8 
