true 10
(0 -> 1) (1 -> 5) (2 -> 6) (3 -> -1) (4 -> -1) (5 -> 7) (6 -> 2) (7 -> -1) (8 -> 3) (9 -> 0) (10 -> 4) (11 -> -1) 
4 0 0 0 0 0
EXCEPT=4 FAIL0=0 FAIL1=0 FAIL2=0 FAIL3=0 SIZE=8 
