true 9
(0 -> 4) (1 -> 1) (2 -> -1) (3 -> 2) (4 -> 3) (5 -> 5) (6 -> 0) (7 -> 6) 
32 0 0
EXCEPT=1 FAIL0=0 SIZE=7 
