true 12
(0 -> 2) (1 -> 7) (2 -> -1) (3 -> -1) (4 -> 3) (5 -> 1) (6 -> 5) (7 -> 4) (8 -> -1) (9 -> 0) (10 -> -1) (11 -> 6) 
8 0 0 0 0 0
EXCEPT=4 FAIL0=0 FAIL1=0 FAIL2=0 FAIL3=0 SIZE=8 
