true 17
(0 -> -1) (1 -> -1) (2 -> -1) (3 -> -1) (4 -> -1) (5 -> -1) (6 -> 4) (7 -> 5) (8 -> 7) (9 -> -1) (10 -> 2) (11 -> -1) (12 -> 1) (13 -> 3) (14 -> 0) (15 -> 6) (16 -> -1) 
25 0 0 0 0 0 0 0 0 0 0
EXCEPT=9 FAIL0=0 FAIL1=0 FAIL2=0 FAIL3=0 FAIL4=0 FAIL5=0 FAIL6=0 FAIL7=0 FAIL8=0 SIZE=8 
