true 290
(0 -> 1) (1 -> -1) (2 -> 4) (3 -> -1) (4 -> -1) (5 -> 3) (6 -> 0) (7 -> 6) (8 -> -1) (9 -> -1) (10 -> 5) 
38 0 0 0 0 1 3
EXCEPT=5 FAIL0=0 FAIL1=0 FAIL2=0 FAIL3=0 FAIL4=1 SIZE=6 
