true 14
(0 -> 6) (1 -> -1) (2 -> 5) (3 -> 1) (4 -> 2) (5 -> -1) 
173 0 0 0
EXCEPT=2 FAIL0=0 FAIL1=0 SIZE=4 
