true 6
(0 -> 1) (1 -> 4) (2 -> 5) (3 -> 0) (4 -> -1) (5 -> 3) 
6 0 0
EXCEPT=1 FAIL0=0 SIZE=5 
