true 8
(0 -> 1) (1 -> 3) (2 -> 0) (3 -> 6) (4 -> 4) (5 -> 2) (6 -> -1) 
16 0 0
EXCEPT=1 FAIL0=0 SIZE=6 
