true 7
(0 -> 4) (1 -> 3) (2 -> 6) (3 -> 5) (4 -> -1) (5 -> 0) 
0 0 0
EXCEPT=1 FAIL0=0 SIZE=5 
