true 129
(0 -> 6) (1 -> -1) (2 -> 3) (3 -> 1) (4 -> -1) (5 -> -1) (6 -> 0) (7 -> 4) (8 -> 5) (9 -> -1) 
64 0 0 0 0 3
EXCEPT=4 FAIL0=0 FAIL1=0 FAIL2=0 FAIL3=0 SIZE=6 
