true 4
(0 -> 0) (1 -> 1) (2 -> 6) (3 -> 3) 
11 0
EXCEPT=0 SIZE=4 
