true 334
(0 -> 4) (1 -> -1) (2 -> -1) (3 -> 3) (4 -> 0) (5 -> 5) (6 -> 6) (7 -> 1) (8 -> -1) (9 -> -1) (10 -> -1) 
28 0 0 0 0 1 19
EXCEPT=5 FAIL0=0 FAIL1=0 FAIL2=0 FAIL3=0 FAIL4=1 SIZE=6 
