true 120
(0 -> -1) (1 -> -1) (2 -> -1) (3 -> 3) (4 -> -1) (5 -> 0) (6 -> 1) (7 -> 4) (8 -> 6) (9 -> 5) 
13 0 0 0 0 1
EXCEPT=4 FAIL0=0 FAIL1=0 FAIL2=0 FAIL3=0 SIZE=6 
