true 33
(0 -> 1) (1 -> -1) (2 -> 4) (3 -> -1) (4 -> 5) (5 -> 6) (6 -> 3) (7 -> 0) (8 -> -1) 
5 0 0 0 0
EXCEPT=3 FAIL0=0 FAIL1=0 FAIL2=0 SIZE=6 
