true 719
(0 -> -1) (1 -> -1) (2 -> 6) (3 -> -1) (4 -> -1) (5 -> 3) (6 -> -1) (7 -> -1) (8 -> -1) (9 -> -1) (10 -> 1) (11 -> 4) (12 -> 0) (13 -> 5) (14 -> -1) (15 -> -1) (16 -> -1) 
99 0 0 0 0 0 0 0 0 0 0 10 18
EXCEPT=11 FAIL0=0 FAIL1=0 FAIL10=10 FAIL2=0 FAIL3=0 FAIL4=0 FAIL5=0 FAIL6=0 FAIL7=0 FAIL8=0 FAIL9=0 SIZE=6 
