true 349
(0 -> 4) (1 -> 1) (2 -> 6) (3 -> -1) (4 -> 3) (5 -> -1) (6 -> 5) (7 -> -1) (8 -> -1) (9 -> 0) (10 -> -1) (11 -> -1) 
47 0 0 0 0 0 1 5
EXCEPT=6 FAIL0=0 FAIL1=0 FAIL2=0 FAIL3=0 FAIL4=0 FAIL5=1 SIZE=6 
