true 159
(0 -> 1) (1 -> 0) (2 -> -1) (3 -> -1) (4 -> -1) (5 -> 4) (6 -> 5) (7 -> -1) (8 -> -1) (9 -> 3) (10 -> 6) 
44 0 0 0 0 0 2
EXCEPT=5 FAIL0=0 FAIL1=0 FAIL2=0 FAIL3=0 FAIL4=0 SIZE=6 
