true 52
(0 -> -1) (1 -> 7) (2 -> 3) (3 -> 2) (4 -> 0) (5 -> 5) (6 -> 4) (7 -> 1) (8 -> 6) (9 -> -1) 
1 0 0 0
EXCEPT=2 FAIL0=0 FAIL1=0 SIZE=8 
