true 6
(0 -> 6) (1 -> -1) (2 -> 1) (3 -> 5) (4 -> 4) 
2 0 0
EXCEPT=1 FAIL0=0 SIZE=4 
