true 16
(0 -> -1) (1 -> 6) (2 -> -1) (3 -> -1) (4 -> 5) (5 -> -1) 
125 0 0 0 0 0
EXCEPT=4 FAIL0=0 FAIL1=0 FAIL2=0 FAIL3=0 SIZE=2 
