true 32
(0 -> -1) (1 -> 4) (2 -> 2) (3 -> -1) (4 -> -1) (5 -> -1) (6 -> -1) 
37 0 0 0 4 0 0
EXCEPT=5 FAIL0=0 FAIL1=0 FAIL2=0 FAIL3=4 FAIL4=0 SIZE=2 
