true 23
(0 -> -1) (1 -> -1) (2 -> 6) (3 -> -1) (4 -> 1) (5 -> -1) 
32 0 4 0 0 0
EXCEPT=4 FAIL0=0 FAIL1=4 FAIL2=0 FAIL3=0 SIZE=2 
