true 39
(0 -> -1) (1 -> -1) (2 -> -1) (3 -> -1) (4 -> -1) (5 -> 5) (6 -> 6) (7 -> -1) 
89 0 0 0 0 0 0 0
EXCEPT=6 FAIL0=0 FAIL1=0 FAIL2=0 FAIL3=0 FAIL4=0 FAIL5=0 SIZE=2 
