true 10
(0 -> -1) (1 -> 4) (2 -> 2) (3 -> -1) 
43 0 0 0
EXCEPT=2 FAIL0=0 FAIL1=0 SIZE=2 
