true 4
(0 -> 7) (1 -> 4) (2 -> 2) (3 -> 0) 
10 0
EXCEPT=0 SIZE=4 
