true 23
(0 -> -1) (1 -> 2) (2 -> 4) (3 -> -1) (4 -> -1) (5 -> -1) 
43 0 0 0 11 0
EXCEPT=4 FAIL0=0 FAIL1=0 FAIL2=0 FAIL3=11 SIZE=2 
