true 6
(0 -> 1) (1 -> -1) (2 -> 5) (3 -> 4) (4 -> 6) 
9 0 0
EXCEPT=1 FAIL0=0 SIZE=4 
