true 33
(0 -> -1) (1 -> -1) (2 -> -1) (3 -> -1) (4 -> -1) (5 -> 5) (6 -> 6) 
67 0 0 3 0 0 0
EXCEPT=5 FAIL0=0 FAIL1=0 FAIL2=3 FAIL3=0 FAIL4=0 SIZE=2 
