true 12
(0 -> 4) (1 -> -1) (2 -> 3) (3 -> 1) (4 -> 2) (5 -> 6) (6 -> 0) 
2 0 0
EXCEPT=1 FAIL0=0 SIZE=6 
