true 6
(0 -> -1) (1 -> 4) (2 -> 3) (3 -> -1) (4 -> 5) (5 -> 1) (6 -> 6) (7 -> 0) (8 -> 7) (9 -> 2) 
26 0 0 0
EXCEPT=2 FAIL0=0 FAIL1=0 SIZE=8 
