true 13
(0 -> -1) (1 -> 2) (2 -> -1) (3 -> -1) (4 -> 3) (5 -> -1) (6 -> 1) (7 -> 4) (8 -> -1) (9 -> 6) (10 -> -1) (11 -> 0) (12 -> 5) (13 -> 7) 
9 0 0 0 0 0 0 0
EXCEPT=6 FAIL0=0 FAIL1=0 FAIL2=0 FAIL3=0 FAIL4=0 FAIL5=0 SIZE=8 
