true 63
(0 -> 0) (1 -> 7) (2 -> 4) (3 -> 3) (4 -> -1) (5 -> 6) (6 -> 1) (7 -> 5) (8 -> 2) 
1 0 0
EXCEPT=1 FAIL0=0 SIZE=8 
