true 7
(0 -> 3) (1 -> 0) (2 -> 4) (3 -> 1) (4 -> -1) (5 -> 7) (6 -> 5) (7 -> 6) (8 -> 2) 
1 0 0
EXCEPT=1 FAIL0=0 SIZE=8 
