true 32
(0 -> 2) (1 -> -1) (2 -> -1) (3 -> -1) (4 -> 4) (5 -> -1) (6 -> -1) 
46 1 0 0 0 0 0
EXCEPT=5 FAIL0=1 FAIL1=0 FAIL2=0 FAIL3=0 FAIL4=0 SIZE=2 
