true 9
(0 -> 4) (1 -> 1) (2 -> 7) (3 -> -1) (4 -> 5) (5 -> 2) (6 -> 3) (7 -> 0) 
2 0 0
EXCEPT=1 FAIL0=0 SIZE=7 
